Date,Open,High,Low,Close,Volume
2023-09-14,26.63,27.03,26.3,26.75,3207
2024-06-26,35.01,37.79,35.01,37.44,15992
2024-06-27,37.93,39.67,37.74,39.035,8652
2024-07-05,39.85,39.93,39.29,39.75,3872
2024-07-10,39.61,39.68,38.77,39.68,5054
2024-08-01,35.38,35.54,32.47,33.14,12448
2024-08-02,26.81,27.59,24.87,27.36,12678
2024-08-06,25.23,26.31,24.41,25.45,15231
2024-08-07,26.75,27.08,25.3,25.6,20264
2024-08-08,26.14,26.85,25.8,26.63,7233
2024-08-09,26.73,27.43,26.73,26.96,10160
2024-08-12,26.88,27.43,26.72,26.91,8416
2024-08-13,27.54,28.21,26.98,27.92,5200
2024-08-14,28.08,28.08,27.61,27.87,6322
2024-08-15,29.62,30.47,29.33,30.41,4165
2024-08-21,31.17,31.86,30.86,31.21,7282
2024-08-22,31.35,31.48,29.76,29.76,6479
2024-08-26,29.94,30.15,29.2,29.53,13854
2024-08-28,28.17,28.3,27.42,28.01,5010
2024-09-05,29.5,30.7,29.5,30.12,4886
2024-09-06,29.94,30.08,27.96,27.96,3300
2024-09-10,30.39,30.88,29.83,30.65,7404
2024-09-11,30.26,32.37,29.51,32.37,3849
2024-09-13,32.96,33.6,32.96,33.01,3403
2024-09-25,35.02,35.02,34.65,34.66,5435
2024-09-26,35.25,35.25,33.65,34.19,5057
2024-09-27,33.87,33.92,32.91,32.97,2524
2024-10-01,31.9,32.34,31.52,32.03,4965
2024-10-07,30.78,30.83,30.3,30.475,4550
2024-10-08,30.93,31.17,30.63,31.08,3225
2024-10-10,32.79,32.85,32.17,32.41,4269
2024-10-14,33.32,33.32,32.64,32.87,3307
2024-10-22,32.55,33.95,32.55,33.3,6441
2024-10-23,32.91,32.91,31.29,31.55,3755
2024-10-24,31.875,32.35,31.67,32.14,3323
2024-10-31,33.35,33.38,31.64,31.93,15402
2024-11-01,36.18,36.74,35.72,36.05,21801
2024-11-04,35.43,35.64,34.74,35.11,9100
2024-11-06,36.4,39.27,36.4,39.25,11986
2024-11-07,39.75,40.92,39.75,40.33,4517
2024-11-13,40.2,42.18,40.2,41.83,3700
2024-11-15,38.7,38.89,36.32,37.325,13257
2024-11-19,35.96,38.25,35.96,37.96,6502
2024-11-21,36.49,36.63,34.74,35.68,6433
2024-11-25,36.72,36.79,35.93,36.765,4643
2024-11-27,38.4,38.74,37.99,38.2,4220
2024-12-02,40.42,40.85,39.74,40.02,6582
2024-12-03,40.11,41.24,40.05,41.09,9862
2024-12-04,42.74,43.59,42.58,42.88,5346
2024-12-05,42.86,44.4,42.75,43.76,6391
2024-12-06,44.01,46.34,43.99,46.33,6037
2024-12-09,47.0,47.55,45.85,45.99,9794
2024-12-10,46.27,47.07,45.25,45.5,4316
2024-12-12,46.76,47.38,46.0,46.57,5983
2024-12-16,46.78,48.05,46.21,48.05,9177
2024-12-17,47.43,47.76,46.04,47.285,5557
2024-12-18,47.1,47.39,42.89,42.89,8371
2024-12-19,44.82,44.95,43.93,44.04,19717
2024-12-20,42.69,44.78,42.26,44.63,13891
2024-12-26,45.54,45.6,44.97,45.12,6123
2024-12-27,44.02,44.02,42.7,43.77,9000
2024-12-30,41.98,43.34,41.75,43.01,8670
2024-12-31,43.35,43.35,41.95,42.08,6900
2025-01-02,43.31,44.14,41.55,42.2,12041
2025-01-06,44.98,45.43,44.12,45.12,6920
2025-01-07,44.77,44.78,42.71,43.0,10996
2025-01-08,43.12,43.4,42.38,42.97,7030
2025-01-10,42.12,42.32,40.81,41.6,10029
2025-01-14,42.51,42.65,40.63,41.09,5531
2025-01-15,43.01,43.29,42.51,43.275,4968
2025-01-16,43.01,43.64,42.15,42.2,8944
2025-01-17,43.89,44.34,43.1,44.15,7454
2025-01-21,45.77,46.39,44.64,46.15,13260
2025-01-22,46.86,47.9,46.85,47.79,7085
2025-01-23,47.19,47.87,46.34,47.87,9292
2025-01-24,47.665,48.1,46.86,47.59,4897
2025-01-27,44.86,47.63,44.79,47.63,10714
2025-01-28,47.44,50.09,47.44,49.0,8354
2025-01-29,49.73,49.73,48.25,48.59,12636
2025-01-30,47.53,48.71,46.71,47.415,13800
2025-01-31,48.44,49.74,48.44,48.76,12204
2025-02-03,48.13,48.97,46.8,48.54,32083
2025-02-04,49.1,50.53,48.99,50.46,6674
2025-02-05,47.935,48.67,47.57,47.95,12475
2025-02-06,48.65,49.25,47.9,48.97,31810
2025-02-07,46.07,47.25,44.59,45.26,35831
2025-02-10,45.31,46.8,45.1,46.59,18979
2025-02-11,46.03,46.555,45.43,46.39,7999
2025-02-12,45.21,45.73,44.59,44.85,20889
2025-02-13,44.81,45.37,44.3,45.37,18257
2025-02-14,44.86,44.91,44.15,44.65,6563
2025-02-18,44.74,44.74,42.75,43.82,28090
2025-02-19,43.31,43.915,42.73,43.88,8694
2025-02-20,43.15,43.15,41.97,42.28,14299
2025-02-21,42.31,42.31,39.31,39.92,31963
2025-02-24,40.07,40.07,38.44,38.47,17630
2025-02-25,38.26,38.63,35.43,38.49,22282
2025-02-26,39.16,40.31,38.68,39.02,17385
2025-02-27,40.58,40.91,36.94,36.99,24577
2025-02-28,36.55,38.31,36.46,38.19,31300
2025-03-03,38.65,38.65,34.83,35.58,35572
2025-03-04,33.83,36.2,33.11,35.16,27487
2025-03-05,35.43,37.18,35.2,36.73,25434
2025-03-06,35.31,35.73,33.36,33.98,39293
2025-03-07,34.015,34.34,31.315,33.55,48327
2025-03-11,31.85,33.66,31.64,32.72,26312
2025-03-12,33.965,33.99,32.2,33.32,19214
2025-03-13,32.58,32.58,31.0,31.66,18132
2025-03-14,32.785,33.13,32.22,33.03,8547
2025-03-17,33.15,33.18,31.89,32.35,21849
2025-03-18,30.82,31.51,30.12,31.21,18981
2025-03-19,31.18,32.17,30.96,32.07,16810
2025-03-20,31.89,33.26,31.44,31.88,17655
2025-03-21,31.34,32.43,31.34,32.31,15944
2025-03-24,33.93,34.68,33.58,34.56,40600
2025-03-25,34.65,35.27,34.57,35.23,8361
2025-03-26,35.11,35.22,33.28,33.62,15521
2025-03-27,33.18,34.39,33.18,33.66,14795
2025-03-28,32.39,32.875,30.53,30.79,14394
2025-03-31,29.29,30.29,28.21,29.96,33446
2025-04-01,29.5,31.07,29.48,30.53,17594
2025-04-02,29.2,32.44,29.2,31.86,43806
2025-04-03,27.39,27.89,25.62,26.005,44171
2025-04-04,22.68,25.83,22.66,24.01,122414
2025-04-07,21.31,27.01,21.31,25.11,94946
2025-04-08,27.9,27.9,23.24,23.69,68003
2025-04-09,24.05,29.66,23.59,29.52,84583
2025-04-10,27.73,27.95,24.75,26.31,56103
2025-04-11,26.02,27.55,25.44,27.35,39741
2025-04-14,28.16,28.16,25.75,26.52,27848
2025-04-15,26.26,26.62,25.38,25.82,23330
2025-04-16,24.86,25.66,23.49,24.33,19266
2025-04-17,24.08,24.47,23.65,23.755,15753
2025-04-21,22.88,22.88,21.79,22.36,27536
2025-04-22,23.05,24.8,23.01,23.91,38270
2025-04-23,27.25,27.74,25.83,25.93,39394
2025-04-24,25.98,27.65,25.87,27.65,12138
2025-04-25,27.58,28.55,27.34,28.32,7957
2025-04-28,28.04,28.67,27.2,28.0,18469
2025-04-29,26.88,27.97,26.88,27.87,20900
2025-04-30,25.85,27.015,25.31,26.89,17548
2025-05-01,28.75,29.08,27.98,28.51,32953
2025-05-02,28.56,29.38,27.47,28.545,42537
2025-05-05,27.48,27.85,27.24,27.415,8625
2025-05-06,26.84,27.64,26.83,27.05,8882
2025-05-07,27.23,28.55,27.23,28.13,13273
2025-05-08,28.93,29.68,28.2,29.08,11645
2025-05-09,29.69,29.75,28.89,29.41,12630
2025-05-12,34.615,34.76,33.41,34.1,9074
2025-05-13,35.27,36.06,34.93,34.94,71809
2025-05-14,35.01,35.1,34.25,34.55,49880
2025-05-15,33.09,33.18,32.1,32.81,28717
2025-05-16,33.0,33.14,32.65,33.03,8448
2025-05-19,32.17,33.31,32.17,33.19,11589
2025-05-20,32.72,32.85,32.07,32.53,43670
2025-05-21,31.63,32.28,31.26,31.56,55837
2025-05-22,31.54,32.82,31.325,32.13,61944
2025-05-23,30.815,31.87,30.625,31.43,15440
2025-05-27,32.07,33.21,31.94,33.01,6286
2025-05-28,33.18,33.52,32.53,32.63,11315
2025-05-29,33.89,33.89,32.55,32.85,13828
2025-05-30,32.47,32.84,31.66,32.59,34277
2025-06-02,32.66,33.24,31.99,33.17,12727
2025-06-03,33.23,33.62,32.655,32.92,12842
2025-06-04,33.13,33.55,32.76,33.39,8198
2025-06-05,34.25,35.06,33.46,33.48,44845
2025-06-06,34.79,35.41,34.445,35.35,27820
2025-06-09,35.31,36.72,35.31,36.55,15221
2025-06-10,36.25,36.63,35.61,36.63,20131
2025-06-11,36.61,36.62,35.07,35.13,16512
2025-06-12,34.805,35.21,34.69,35.08,10472
2025-06-13,34.17,35.35,34.04,34.72,17922
2025-06-16,34.92,36.23,34.69,36.06,16105
2025-06-17,36.05,36.45,35.6,35.64,14805
2025-06-18,36.07,36.63,34.86,34.86,14383
2025-06-20,35.38,35.38,33.49,33.95,14099
2025-06-23,33.295,34.07,33.25,33.51,12362
2025-06-24,34.3,35.08,34.11,34.62,52926
2025-06-25,35.2,35.61,34.09,34.32,9217
2025-06-26,34.74,36.23,34.34,35.98,69259
2025-06-27,37.03,37.93,35.84,37.93,19885
2025-06-30,38.03,38.12,36.59,36.73,68055
2025-07-01,36.88,37.42,36.17,37.03,73370
2025-07-02,36.58,37.35,36.58,36.8,37895
2025-07-03,37.47,38.06,37.3,37.83,35140
2025-07-07,37.8,38.2,37.61,37.95,44074
2025-07-08,38.09,38.09,36.33,36.52,43437
2025-07-09,37.07,38.14,36.94,37.56,35489
2025-07-10,37.21,37.65,36.65,37.43,15151
2025-07-11,37.895,38.84,37.57,38.37,33895
2025-07-14,38.615,38.9,38.305,38.54,20250
2025-07-15,38.86,39.05,38.58,38.8,17415
2025-07-16,38.455,38.5,37.44,37.69,20998
2025-07-17,37.56,38.135,37.49,38.0,9115
2025-07-18,38.25,38.73,37.7,38.67,32635
2025-07-21,38.555,39.87,38.555,39.75,13406
2025-07-22,39.68,40.0,38.77,39.11,17335
2025-07-23,39.5,39.5,38.98,39.37,54800
2025-07-24,39.92,41.35,39.92,40.71,18744
2025-07-25,40.45,40.74,40.37,40.4,15358
2025-07-28,41.145,41.35,40.78,40.89,20884
2025-07-29,40.48,40.67,40.03,40.23,13493
2025-07-30,40.14,40.48,39.63,39.94,22103
2025-07-31,41.515,42.12,40.42,41.4,62172
2025-08-01,34.83,36.41,33.78,34.46,83637
2025-08-04,35.0,35.0,33.42,33.53,41725
2025-08-05,33.86,34.83,33.86,34.1,70370
2025-08-06,34.27,36.81,34.1,36.81,28372
2025-08-07,37.0,38.02,36.33,37.04,41337
2025-08-08,37.055,37.15,36.65,36.86,28373
2025-08-11,36.77,36.77,36.13,36.43,67575
2025-08-12,36.76,36.94,35.76,36.47,23840
2025-08-13,36.77,37.52,36.77,37.45,14772
2025-08-14,38.4,40.28,38.4,39.6,37715
2025-08-15,40.11,40.47,39.14,39.54,18913
2025-08-18,39.47,39.85,38.73,39.7,16094
2025-08-19,39.05,39.05,38.205,38.48,23607
2025-08-20,38.0,38.0,36.1,37.08,103021
2025-08-21,36.31,36.65,36.05,36.4,56099
2025-08-22,36.5,38.74,36.07,38.735,127018
2025-08-25,38.36,38.9,38.2,38.46,48359
2025-08-26,38.32,38.64,37.76,38.64,14626
2025-08-27,38.73,38.93,38.47,38.72,54238
2025-08-28,38.875,39.9,38.39,39.56,28628
2025-08-29,39.4,39.57,38.37,38.56,13282
2025-09-02,36.8,37.57,36.25,37.385,23824
2025-09-03,37.49,37.9,37.09,37.52,19444
2025-09-04,39.66,40.8,39.44,40.76,38871
2025-09-05,40.6,40.83,39.48,39.6,30572
2025-09-08,40.34,41.39,40.17,40.78,16027
2025-09-09,40.83,41.8,40.61,41.68,32932
2025-09-10,41.0,41.0,38.475,38.855,68982
2025-09-11,39.165,39.2,38.55,38.68,36187
2025-09-12,38.8,38.81,37.49,38.06,61703
2025-09-15,39.01,39.85,38.85,39.14,42752
2025-09-16,39.95,40.55,39.47,40.07,33183
2025-09-17,39.805,39.805,38.18,39.04,32225
2025-09-18,39.17,39.7,38.255,39.02,21938
2025-09-19,39.3,39.94,38.78,39.06,30197
2025-09-22,38.48,38.71,37.77,37.77,19344
2025-09-23,37.49,37.49,35.06,35.25,56462
2025-09-24,36.43,36.43,34.85,35.09,51168
2025-09-25,35.09,35.2,33.92,34.42,73204
2025-09-26,34.51,35.23,34.43,34.895,52892
2025-09-29,34.95,35.64,34.87,35.62,38398
2025-09-30,35.16,35.16,34.26,34.795,48578
2025-10-01,34.01,35.54,33.9,35.13,30390
2025-10-02,35.27,35.74,34.62,35.69,37243
2025-10-03,35.87,36.05,34.66,34.66,59452
2025-10-06,34.95,35.38,33.66,35.105,103954
2025-10-07,35.135,35.72,34.98,35.39,52730
2025-10-08,35.815,36.96,35.23,36.48,100015
2025-10-09,36.34,37.41,35.38,37.26,108949
2025-10-10,36.725,37.39,33.5,33.515,204508
2025-10-13,34.0,34.85,33.79,34.73,42810
2025-10-14,33.02,34.39,32.36,33.52,71727
2025-10-15,33.44,33.8,32.345,33.235,99585
2025-10-16,34.05,34.085,32.54,32.87,14623
2025-10-17,32.95,32.95,31.82,32.41,140152
2025-10-20,32.71,33.5,32.635,33.485,34655
2025-10-21,34.095,35.54,34.095,35.175,96319
2025-10-22,34.28,34.45,33.41,33.86,53525
2025-10-23,34.135,34.85,33.95,34.8,101655
2025-10-24,35.06,36.11,35.06,35.75,63739
2025-10-27,36.855,37.035,36.22,36.64,42100
2025-10-28,36.91,38.06,36.39,37.35,82137
2025-10-29,38.07,38.1,36.91,37.64,131942
2025-10-30,36.01,37.05,35.255,35.29,283686
2025-10-31,43.85,43.9,41.99,42.11,368534
2025-11-03,45.8,46.85,44.99,45.235,227718
2025-11-04,44.4,45.76,43.39,43.58,94536
2025-11-05,43.185,44.19,42.5,43.93,107101
2025-11-06,43.58,43.89,41.11,41.34,90799
2025-11-07,40.94,41.95,39.82,41.86,104159
2025-11-10,43.27,44.24,42.24,43.18,72014
2025-11-11,43.05,43.6,42.88,43.39,33546
2025-11-12,43.715,43.815,41.54,41.67,28731
2025-11-13,41.25,41.345,39.14,39.4,34170
2025-11-14,38.52,39.745,37.9,38.38,39590
2025-11-17,37.825,38.32,36.67,37.75,49680
2025-11-18,36.265,36.835,34.46,34.51,73250
2025-11-19,34.44,34.62,33.23,34.475,78400
2025-11-20,35.725,35.83,32.72,32.73,35314
2025-11-21,32.495,34.235,32.15,33.73,61832
2025-11-24,34.75,35.75,34.75,35.45,36273
2025-11-25,35.41,36.78,34.74,36.58,27572
2025-11-26,36.86,37.12,36.25,36.38,36305
2025-11-28,37.005,37.595,36.825,37.56,15752
2025-12-01,37.54,38.38,37.3,37.76,45475
2025-12-02,38.105,39.385,37.74,37.985,53520
2025-12-03,37.52,37.55,36.8,37.295,32948
2025-12-04,37.365,37.4,35.5,36.18,66863
2025-12-05,36.69,36.82,36.06,36.295,32232
2025-12-08,36.46,36.65,35.31,35.53,25843
2025-12-09,35.43,35.97,35.065,35.8,17570
2025-12-10,34.8,35.95,34.8,35.79,26696
2025-12-11,35.07,35.84,34.92,35.3,15531
2025-12-12,35.165,35.165,33.72,34.03,26721
2025-12-15,34.35,34.35,32.78,32.925,23072
2025-12-16,33.01,33.18,32.53,32.92,24440
2025-12-17,33.47,33.65,32.52,32.57,28592
2025-12-18,33.8,34.83,33.46,34.13,58316
2025-12-19,34.15,34.81,33.76,34.32,54837
2025-12-22,34.665,34.89,34.085,34.6,41331
2025-12-23,34.455,35.545,34.445,35.465,30775
2025-12-24,35.44,35.66,35.21,35.51,14358
2025-12-26,35.375,35.64,35.17,35.52,23800
2025-12-29,35.03,35.46,35.03,35.35,17283
2025-12-30,34.92,35.555,34.89,35.54,27777
2025-12-31,35.5,35.5,34.91,34.96,34769
2026-01-02,35.055,36.315,33.11,33.6,70851
2026-01-05,34.17,35.81,33.97,35.51,54031
2026-01-06,35.27,38.6,35.27,37.96,86850
2026-01-07,37.605,39.27,37.605,38.15,52216
2026-01-08,38.67,39.605,38.25,39.605,34209
2026-01-09,38.895,40.035,38.275,39.95,40637
2026-01-12,39.6,40.395,39.47,39.64,47108
2026-01-13,39.1,39.94,37.655,38.35,31848
2026-01-14,37.645,37.725,36.35,36.47,57864
2026-01-15,37.03,37.66,36.47,36.88,48466
2026-01-16,37.26,37.29,36.38,37.2,32915
2026-01-20,35.4,35.88,34.18,34.64,52128
2026-01-21,34.63,34.99,33.48,34.73,65560
2026-01-22,35.63,36.05,34.68,35.61,37530
2026-01-23,35.69,37.4,35.69,37.06,28151
2026-01-26,37.43,37.49,36.595,36.87,27590
2026-01-27,37.24,38.79,36.71,38.74,28677
2026-01-28,39.275,39.71,37.805,38.3,47468
2026-01-29,38.09,38.16,36.24,37.78,58054
2026-01-30,37.23,38.22,36.57,37.07,49762
2026-02-02,36.715,38.94,36.715,38.13,36518
2026-02-03,38.895,39.08,35.795,36.78,90652
2026-02-04,36.78,36.78,34.69,35.025,59996
2026-02-05,32.59,32.91,31.265,31.85,68982
2026-02-06,26.215,28.575,25.495,28.32,280077
2026-02-09,27.87,28.98,26.47,27.88,143495
2026-02-10,27.92,28.91,27.315,27.405,78277
2026-02-11,27.665,27.665,26.245,26.69,51868
2026-02-12,26.51,26.52,24.94,25.485,58068
2026-02-13,25.2,25.815,24.855,25.22,43128
