Date,Open,High,Low,Close,Volume
2020-10-05,104.94,111.02,103.76,110.78,3373
2020-10-06,114.76,123.64,109.0,109.0,4055
2020-10-22,127.94,142.4,127.94,142.4,2187
2020-11-02,135.72,144.3,132.2,141.82,1820
2020-11-03,152.62,156.14,150.52,152.3,1670
2020-11-04,134.36,134.36,122.14,122.14,4719
2020-11-05,124.22,140.2,124.0,139.72,2308
2020-11-06,141.78,143.1,128.6,131.66,1462
2020-11-09,170.76,198.88,170.76,189.88,13451
2020-11-10,190.38,200.67,187.74,197.58,1700
2020-11-11,194.22,194.22,174.04,178.92,1854
2020-11-12,167.74,171.56,160.32,163.14,1379
2020-12-02,195.12,209.6,195.12,209.6,1423
2020-12-10,218.22,227.38,216.5,227.38,1402
2020-12-17,226.7,229.96,221.74,227.84,1886
2020-12-21,217.81,224.84,212.26,220.4,1725
2020-12-23,227.96,237.36,227.96,237.36,2801
2021-01-06,274.15,310.92,274.15,303.0,2370
2021-01-12,336.22,346.9,331.92,343.36,1614
2021-01-13,334.96,334.96,323.34,333.56,1618
2021-01-27,282.9,287.26,270.4,273.48,1887
2021-02-25,521.6,522.08,460.1,463.22,1557
2021-03-03,484.26,507.24,479.78,482.44,2284
2021-03-08,518.34,551.08,514.14,534.48,1703
2021-03-15,565.62,566.26,536.82,551.04,1356
2021-03-18,570.66,610.96,544.42,549.76,1437
2021-03-19,525.36,552.98,505.78,534.82,2120
2021-03-22,509.88,509.88,474.18,484.48,2250
2021-04-15,460.9,476.38,450.48,473.46,1400
2021-04-20,460.2,460.2,418.55,426.54,2207
2021-04-27,497.72,500.71,488.12,500.71,1424
2021-05-12,546.52,547.74,480.98,483.14,1598
2021-06-17,482.48,486.02,431.32,431.64,4222
2021-06-18,413.02,416.78,390.01,391.34,2585
2021-06-21,407.1,436.6,407.1,436.6,2138
2021-10-25,571.6,571.6,553.5,559.1,488
2021-10-26,558.3,559.9,543.15,546.1,384
2021-11-04,592.9,592.9,555.0,569.5,341
2021-11-09,573.7,587.95,569.9,583.5,230
2021-11-12,594.2,599.9,575.4,584.3,281
2021-11-26,528.7,528.7,485.4,510.8,745
2021-11-30,486.8,501.25,470.1,478.5,430
2022-01-04,557.5,582.65,553.8,573.3,575
2022-01-26,525.3,552.0,500.6,517.6,330
2022-01-28,483.1,489.5,453.3,489.5,446
2022-02-11,558.1,591.5,548.7,556.4,501
2022-02-24,449.4,475.2,430.8,474.4,480
2022-03-01,511.8,511.8,449.1,456.2,1551
2022-03-04,464.9,465.9,432.9,447.8,1055
2022-03-07,439.1,445.5,392.7,392.7,663
2022-03-08,410.2,433.8,390.6,404.0,368
2022-03-17,471.8,487.75,471.2,482.9,390
2022-03-30,492.0,492.8,437.75,441.8,533
2022-04-06,380.2,380.3,371.1,373.25,342
2022-04-12,363.4,372.9,344.0,347.8,432
2022-05-12,271.55,272.9,257.3,269.9,238
2022-05-13,285.7,286.9,274.2,280.2,245
2022-05-17,286.45,300.7,286.45,299.8,298
2022-05-24,266.7,284.0,266.0,284.0,232
2022-07-18,261.0,263.4,249.1,251.5,282
2022-11-22,290.6,293.6,288.5,292.4,270
2022-12-05,279.7,279.7,244.6,245.8,517
2022-12-07,235.7,247.1,235.7,240.4,238
2023-03-09,193.25,193.25,154.5,154.8,1194
2023-03-10,125.1,152.1,114.6,133.7,4120
2023-03-13,96.25,103.9,70.3,85.3,22855
2023-03-14,109.0,111.3,84.6,88.95,15417
2023-03-15,82.7,95.5,76.05,82.5,20055
2023-03-16,81.4,99.7,74.45,92.45,13920
2023-03-17,87.4,88.0,74.65,76.25,15308
2023-03-20,84.4,88.5,77.9,78.6,14524
2023-03-21,90.7,93.2,87.3,91.4,4295
2023-03-22,90.8,91.8,76.05,76.05,10091
2023-03-23,78.9,79.6,68.5,69.85,6061
2023-03-24,65.6,76.1,65.0,75.4,5210
2023-03-27,83.6,85.0,77.6,77.7,5981
2023-03-28,76.3,79.7,75.1,77.9,6495
2023-03-29,80.5,80.9,76.9,80.4,3753
2023-03-30,82.5,82.5,74.6,75.1,1787
2023-03-31,77.7,77.9,74.8,77.15,2282
2023-04-03,77.7,78.5,73.4,74.35,1753
2023-04-04,75.8,75.8,66.65,69.9,16331
2023-04-05,66.15,68.4,65.05,67.55,7752
2023-04-06,68.4,71.7,67.8,70.0,4148
2023-04-10,67.8,72.9,67.8,71.7,2667
2023-04-11,72.7,73.65,70.8,72.3,2203
2023-04-12,73.8,74.5,69.0,69.9,2439
2023-04-13,69.1,73.4,68.5,72.8,1475
2023-04-14,75.2,75.5,67.4,68.3,2293
2023-04-17,68.0,74.6,66.8,74.4,1768
2023-04-18,74.3,74.3,68.5,70.3,2207
2023-04-19,72.2,79.5,71.0,78.0,4333
2023-04-20,74.1,77.0,72.9,73.9,2440
2023-04-21,71.6,71.6,69.15,71.0,4230
2023-04-24,70.7,71.0,69.6,70.05,1066
2023-04-25,66.4,66.8,60.5,61.2,8732
2023-04-26,61.4,65.1,60.0,62.2,3592
2023-04-27,63.2,66.35,63.1,65.7,3845
2023-04-28,67.0,70.5,67.0,68.9,12110
2023-05-01,69.0,69.3,62.5,63.3,3538
2023-05-02,60.9,61.2,48.0,51.2,47069
2023-05-03,52.3,55.25,47.85,48.3,12852
2023-05-04,42.1,43.6,34.7,40.2,52323
2023-05-05,46.85,48.3,44.2,48.0,13785
2023-05-08,51.55,51.75,44.7,45.05,8474
2023-05-09,43.0,45.4,41.7,44.3,5855
2023-05-10,46.9,46.9,41.55,42.9,10138
2023-05-11,40.6,42.0,39.5,39.95,7843
2023-05-12,40.4,40.6,38.6,40.4,2545
2023-05-15,42.2,45.0,42.2,44.45,4768
2023-05-16,45.6,45.6,42.5,42.5,2820
2023-05-17,46.7,52.2,45.7,51.75,6357
2023-05-18,51.1,53.0,49.9,52.85,5725
2023-05-19,52.7,53.0,47.2,49.55,6371
2023-05-22,51.2,54.7,50.0,54.6,2461
2023-05-23,55.15,60.9,55.15,56.3,5663
2023-05-24,54.5,54.5,51.95,53.2,5137
2023-05-25,51.9,53.0,49.6,51.8,3835
2023-05-26,51.5,53.65,49.6,53.6,3737
2023-05-30,53.2,53.8,51.1,53.6,3204
2023-05-31,51.6,52.0,46.65,48.1,26155
2023-06-01,49.7,52.9,47.45,51.3,5979
2023-06-02,54.3,60.8,53.6,60.6,4126
2023-06-05,60.54,60.54,54.44,55.96,6817
2023-06-06,55.88,66.8,55.88,64.63,13213
2023-06-07,66.15,72.06,65.37,70.99,8454
2023-06-08,68.97,69.44,64.8,68.43,11352
2023-06-09,67.04,67.53,64.56,65.1,5689
2023-06-12,65.95,69.71,61.88,63.78,17417
2023-06-13,64.01,69.04,62.52,67.78,10331
2023-06-14,68.13,69.94,61.01,62.01,20855
2023-06-15,60.78,66.25,60.78,65.33,9498
2023-06-16,66.76,66.76,61.69,63.21,7228
2023-06-20,62.21,62.21,59.56,60.45,3772
2023-06-21,59.33,59.43,57.0,57.26,14905
2023-06-22,56.16,56.16,51.05,51.97,15012
2023-06-23,49.77,51.76,48.93,49.79,10286
2023-06-26,51.27,53.91,51.27,51.48,8154
2023-06-27,51.66,55.14,50.07,53.91,7309
2023-06-28,52.54,53.68,51.52,53.08,14678
2023-06-29,55.03,57.47,55.03,55.98,7757
2023-06-30,57.67,57.68,54.36,54.82,5249
2023-07-03,54.46,58.42,54.46,57.55,6508
2023-07-05,55.61,57.76,54.04,55.99,8876
2023-07-06,51.55,53.02,50.02,52.81,31947
2023-07-07,53.15,57.82,53.15,56.23,15277
2023-07-10,55.54,59.51,55.54,57.52,11693
2023-07-11,58.06,60.36,56.89,59.94,19472
2023-07-12,64.05,65.92,62.51,63.42,21646
2023-07-13,64.57,67.96,63.9,66.82,18974
2023-07-14,67.73,67.78,61.48,62.89,18517
2023-07-17,63.44,67.39,62.66,66.28,9612
2023-07-18,66.49,74.98,66.49,74.71,34876
2023-07-19,75.91,82.04,73.84,81.61,46336
2023-07-20,80.83,81.63,76.45,80.27,16323
2023-07-21,82.12,82.16,77.05,77.41,7569
2023-07-24,77.38,83.98,77.38,83.35,23992
2023-07-25,83.93,85.49,77.44,78.55,28221
2023-07-26,83.92,91.56,83.9,89.81,29875
2023-07-27,91.75,93.58,83.98,85.26,17958
2023-07-28,89.2,89.75,85.66,88.72,7453
2023-07-31,88.9,90.85,86.74,88.62,10912
2023-08-01,86.42,86.49,82.33,84.83,5456
2023-08-02,81.06,84.565,80.15,84.38,8721
2023-08-03,83.7,86.9,81.76,86.9,4936
2023-08-04,87.42,89.86,86.37,87.49,6322
2023-08-07,87.53,89.95,87.08,89.75,5168
2023-08-08,82.15,87.0,78.58,86.88,13791
2023-08-09,84.37,85.35,81.9,82.72,5982
2023-08-10,85.75,85.89,81.27,82.69,5866
2023-08-14,80.44,80.44,77.48,78.065,5008
2023-08-31,65.86,67.34,65.61,66.27,4279
2023-09-01,68.56,71.81,68.53,71.11,11826
2023-09-06,65.25,66.73,60.64,61.45,4112
2023-09-14,62.14,63.07,61.72,62.81,4305
2023-09-18,60.91,60.91,58.21,58.35,5581
2023-09-21,54.19,55.86,52.64,53.17,14655
2023-09-22,53.38,53.7,51.63,52.16,4542
2023-09-25,50.96,54.35,50.96,54.35,8320
2023-09-26,52.6,55.28,51.62,51.9,13349
2023-09-27,52.18,52.545,50.06,50.99,4069
2023-10-02,54.0,54.0,49.62,50.23,15233
2023-10-03,49.33,49.33,46.38,47.11,7786
2023-10-04,47.41,48.73,45.61,48.63,5389
2023-10-05,48.3,51.13,48.3,51.1,10281
2023-10-06,48.53,53.13,47.66,51.28,8472
2023-10-10,52.87,54.86,52.82,53.62,5693
2023-10-12,53.22,53.22,50.3,50.3,6086
2023-10-13,53.39,53.61,48.4,48.58,8192
2023-10-17,52.16,57.61,52.16,55.84,13861
2023-10-18,53.9,53.9,50.7,50.93,5853
2023-10-19,50.54,53.76,48.9,49.29,9516
2023-10-20,48.12,48.12,43.31,43.48,24408
2023-10-23,43.53,45.23,42.77,42.8,4467
2023-10-24,43.56,43.74,40.34,41.96,7197
2023-10-25,41.23,42.16,38.59,41.43,14526
2023-10-26,42.98,46.1,42.8,45.26,13743
2023-10-27,44.78,44.81,40.99,42.1,4470
2023-10-30,44.33,44.6,42.14,44.02,16615
2023-10-31,44.3,45.32,43.26,44.84,3501
2023-11-01,43.91,45.6,43.33,45.38,6627
2023-11-02,48.08,53.12,48.08,52.92,11133
2023-11-03,57.87,60.62,57.87,58.8,16848
2023-11-09,52.485,52.86,48.62,49.08,10503
2023-11-14,56.42,63.0,56.33,61.17,17672
2023-11-15,61.46,65.02,61.46,63.86,9639
2023-11-17,63.13,64.95,62.51,63.96,7430
2023-11-22,61.71,61.93,59.73,60.3,5237
2023-11-29,61.04,65.54,61.04,63.08,27207
2023-12-01,62.11,73.5,62.11,72.99,24007
2023-12-04,71.79,76.28,71.74,76.28,6547
2023-12-06,77.42,80.04,73.05,73.48,6077
2023-12-07,74.42,77.6,73.7,77.51,10094
2023-12-08,77.14,81.33,76.35,79.89,10490
2023-12-13,77.59,91.27,76.69,91.27,9157
2023-12-14,99.96,106.92,99.56,104.16,10963
2023-12-15,103.71,104.47,97.53,99.42,13796
2023-12-18,100.58,100.58,96.11,96.57,7107
2023-12-19,96.88,101.39,95.53,100.45,5514
2023-12-20,100.5,102.38,93.59,93.6,10699
2023-12-21,96.63,96.63,92.72,95.85,5521
2023-12-27,100.71,102.73,100.57,101.6,3284
2023-12-28,101.99,102.23,100.92,101.92,4721
2024-01-02,94.36,101.41,94.36,98.18,4325
2024-01-03,93.92,93.92,88.49,88.55,3852
2024-01-05,89.96,95.55,89.96,92.81,5085
2024-01-09,92.1,93.24,90.53,92.28,2633
2024-01-10,91.47,92.61,89.12,92.6,4175
2024-01-11,89.57,89.84,85.02,89.15,3867
2024-01-12,91.59,91.74,83.16,85.45,6868
2024-01-16,81.65,83.425,79.76,80.93,5418
2024-01-17,76.62,81.6,76.22,80.045,4990
2024-01-18,82.07,82.71,79.58,81.9,2968
2024-01-19,82.57,88.03,81.26,88.03,14352
2024-01-22,90.47,94.405,90.3,94.405,5667
2024-01-23,95.45,95.94,90.38,92.015,4693
2024-01-24,93.36,97.12,92.12,94.89,9515
2024-01-25,96.835,97.04,89.36,92.59,5904
2024-01-29,94.8,98.39,93.75,98.39,5399
2024-01-31,83.96,89.01,80.01,80.12,30036
2024-02-01,81.22,81.22,64.95,72.47,31329
2024-02-02,67.85,74.7,67.85,73.57,8237
2024-02-05,69.88,71.24,68.17,70.4,4566
2024-02-06,70.55,71.745,65.78,67.01,6037
2024-02-07,67.87,68.03,61.63,66.26,12451
2024-02-08,65.81,67.7,64.74,67.37,5285
2024-02-09,67.18,70.93,65.27,70.28,5298
2024-02-12,71.96,77.6,71.6,76.39,6262
2024-02-13,67.91,68.1,62.41,65.85,22056
2024-02-15,74.43,77.27,72.135,75.87,7093
2024-02-16,71.36,74.895,71.36,73.88,3804
2024-02-20,71.7,73.43,71.43,71.68,3541
2024-02-23,70.36,71.3,68.73,69.96,3284
2024-02-26,69.37,70.8,66.73,67.92,2782
2024-02-27,69.975,71.04,69.03,70.25,4945
2024-02-28,68.45,70.01,67.78,67.78,5456
2024-02-29,71.355,73.81,69.44,70.98,5374
2024-03-01,67.44,68.69,63.95,68.23,9603
2024-03-04,70.23,72.08,67.81,68.055,10917
2024-03-05,69.51,77.17,69.51,76.43,23060
2024-03-06,75.19,80.0,69.48,76.05,28992
2024-03-07,79.41,80.37,75.89,76.21,11121
2024-03-08,79.11,80.35,76.4,76.5,6104
2024-03-12,75.26,75.41,71.9,73.12,8268
2024-03-14,71.75,72.18,66.04,67.265,12197
2024-03-15,67.23,70.45,67.225,68.54,14888
2024-03-18,68.66,68.66,66.55,67.11,11627
2024-03-20,66.77,75.17,66.61,73.53,12107
2024-03-21,77.035,78.97,75.57,76.75,5575
2024-03-22,77.125,77.72,71.46,72.04,5428
2024-03-25,74.3,74.3,71.92,72.03,5637
2024-03-26,73.62,73.62,70.655,70.69,8857
2024-03-27,72.98,78.17,72.93,78.17,18570
2024-03-28,78.77,80.42,77.5,79.64,8448
2024-04-02,71.2,72.44,70.25,70.58,7520
2024-04-03,70.015,71.45,69.54,70.2,8510
2024-04-04,73.69,74.66,69.15,69.74,13503
2024-04-05,68.18,70.63,68.18,69.75,7325
2024-04-08,70.06,73.76,70.06,73.3,4020
2024-04-09,73.28,75.0,73.25,74.67,6632
2024-04-10,68.22,68.24,62.18,63.91,75902
2024-04-11,64.48,64.82,60.95,63.8,16137
2024-04-12,61.11,62.94,60.61,61.9,15741
2024-04-15,63.96,65.54,59.92,61.56,12231
2024-04-16,59.17,59.93,57.785,58.97,10938
2024-04-17,60.49,61.45,58.88,59.27,8880
2024-04-18,58.37,61.29,58.37,60.46,7071
2024-04-19,60.16,64.99,60.16,64.985,17382
2024-04-22,65.68,69.24,64.73,68.34,18809
2024-04-23,68.23,72.1,67.13,70.59,12707
2024-04-24,68.83,72.24,68.83,72.17,3161
2024-04-25,70.2,70.63,66.59,69.42,11401
2024-04-29,69.23,69.47,66.49,66.68,3502
2024-04-30,64.97,66.115,63.38,63.38,8227
2024-05-01,65.63,71.84,65.6,68.35,12763
2024-05-02,70.15,71.57,69.0,71.22,10939
2024-05-03,74.93,76.03,73.49,74.18,19616
2024-05-06,76.43,77.07,74.35,76.26,3875
2024-05-13,78.87,79.01,76.98,76.98,3865
2024-05-14,79.38,80.03,78.23,79.0,5666
2024-05-17,80.33,81.71,80.33,81.45,4345
2024-05-22,76.66,77.75,74.1,74.78,8676
2024-05-23,73.37,73.37,68.34,69.06,5069
2024-05-24,70.32,70.43,68.93,70.19,6052
2024-05-28,70.66,71.29,67.55,68.51,9427
2024-05-29,65.14,65.14,62.03,63.6,40367
2024-05-30,65.78,67.47,64.765,66.71,8842
2024-05-31,67.65,68.98,67.65,68.93,3213
2024-06-04,62.61,64.16,61.82,62.31,21673
2024-06-05,63.62,63.62,61.69,62.85,8858
2024-06-06,63.32,63.52,61.64,63.23,4998
2024-06-07,61.5,63.17,61.31,62.71,11836
2024-06-10,60.55,60.81,58.22,59.37,30907
2024-06-11,57.94,59.37,56.74,58.92,14718
2024-06-12,64.18,66.7,62.04,63.0,17179
2024-06-13,62.04,62.48,59.13,60.38,17972
2024-06-14,59.03,59.09,57.0,57.69,7541
2024-06-17,56.94,60.77,56.62,60.76,6675
2024-06-20,60.08,61.67,60.08,61.19,5873
2024-06-24,62.28,66.34,62.04,64.79,27269
2024-06-27,61.36,64.22,61.36,64.22,9406
2024-06-28,66.81,70.77,66.74,70.21,47754
2024-07-01,70.3,71.62,68.7,69.2,6243
2024-07-02,68.41,71.51,68.41,71.27,2773
2024-07-05,67.51,67.94,64.48,64.48,6471
2024-07-09,64.62,68.67,64.27,68.49,8724
2024-07-10,69.5,73.09,68.68,72.92,10212
2024-07-11,76.635,82.77,76.495,82.31,33958
2024-07-12,81.4,84.59,81.4,83.78,2937
2024-07-15,88.24,92.31,87.29,89.81,15034
2024-07-16,91.88,102.45,91.88,102.24,23323
2024-07-17,97.73,107.6,97.73,105.86,18486
2024-07-18,104.39,110.52,98.82,100.25,12491
2024-07-19,98.68,105.38,98.68,101.51,4854
2024-07-22,100.38,107.8,96.91,107.04,14608
2024-07-23,103.98,113.86,103.98,111.75,7453
2024-07-24,113.27,114.3,105.56,105.89,4170
2024-07-25,106.04,117.41,106.04,114.62,9883
2024-07-26,116.53,120.44,115.85,119.275,10791
2024-07-29,118.9,118.91,111.86,111.865,5293
2024-07-30,114.98,115.69,111.87,114.98,5301
2024-07-31,113.59,121.09,111.98,113.48,10246
2024-08-01,113.51,113.51,96.82,98.33,25098
2024-08-02,87.78,89.48,82.365,88.505,34653
2024-08-05,76.47,83.72,72.36,81.275,10811
2024-08-07,86.02,87.09,79.97,79.97,8759
2024-08-08,83.71,84.44,81.94,84.08,6238
2024-08-13,82.11,83.87,79.16,83.74,5813
2024-08-14,84.63,84.63,80.685,82.61,8168
2024-08-15,89.5,91.2,87.89,88.0,6633
2024-08-16,87.34,94.0,87.34,92.5,4964
2024-08-21,92.35,92.35,89.21,91.27,5435
2024-08-22,93.02,94.88,91.67,92.03,6407
2024-08-23,94.67,110.17,94.47,106.43,17182
2024-08-26,110.43,110.43,103.94,103.94,7501
2024-08-27,101.81,102.5,99.04,101.77,4054
2024-08-28,100.48,105.16,100.42,103.98,11106
2024-08-29,104.63,107.51,100.975,104.61,6559
2024-09-04,101.16,104.185,97.87,99.195,4049
2024-09-06,97.88,98.935,89.99,90.98,13970
2024-09-10,90.5,90.58,85.01,90.49,6590
2024-09-11,86.62,87.52,80.45,87.29,11899
2024-09-12,88.425,88.69,85.24,87.86,7688
2024-09-13,91.96,95.06,91.43,95.06,12113
2024-09-16,96.175,99.985,94.11,98.64,8140
2024-09-17,101.18,106.4,99.98,101.24,5665
2024-09-18,101.14,111.71,97.965,102.975,14990
2024-09-19,109.3,112.53,105.235,111.28,25262
2024-09-20,106.4,107.87,104.39,104.39,5967
2024-09-25,95.72,96.0,92.47,92.92,6118
2024-09-26,96.63,97.26,94.15,96.19,7505
2024-09-30,95.92,101.43,95.92,99.76,16404
2024-10-01,97.15,97.15,88.08,89.67,30758
2024-10-02,90.22,92.88,88.45,89.04,5635
2024-10-04,95.0,96.81,92.755,94.91,9044
2024-10-07,93.915,95.14,91.805,93.66,4901
2024-10-08,93.5,94.99,92.65,92.71,6630
2024-10-09,92.635,97.94,91.715,96.39,10168
2024-10-10,93.28,97.5,93.28,96.17,5603
2024-10-11,102.42,107.19,101.87,106.08,17483
2024-10-15,110.27,119.03,108.23,111.93,13783
2024-10-16,115.37,119.57,113.55,116.39,7947
2024-10-17,117.69,120.17,115.475,119.34,6512
2024-10-18,118.1,118.2,113.92,114.69,5333
2024-10-21,113.56,113.56,104.01,104.11,5007
2024-10-25,109.24,109.295,103.16,104.3,10467
2024-10-28,107.34,114.38,106.76,114.15,8840
2024-10-29,112.07,112.73,109.95,110.47,4229
2024-10-30,113.52,119.89,113.52,114.51,14386
2024-10-31,115.445,115.445,110.55,110.55,7479
2024-11-01,112.11,113.23,106.93,107.79,21823
2024-11-04,105.74,106.64,100.94,104.71,12732
2024-11-06,134.22,154.67,134.22,154.67,59977
2024-11-07,148.0,148.68,135.69,137.49,9507
2024-11-11,147.83,156.785,147.83,152.15,10113
2024-11-12,150.22,154.595,148.135,150.21,3702
2024-11-13,153.34,158.82,146.97,147.3,5924
2024-11-15,146.32,148.325,139.52,144.83,8958
2024-11-21,142.13,150.35,142.05,147.02,12639
2024-11-22,149.08,157.62,149.08,157.62,10210
2024-11-25,169.86,173.84,165.51,165.73,8310
2024-11-27,163.99,164.44,158.17,158.28,5495
2024-12-10,138.92,147.13,137.61,140.39,3753
2024-12-11,144.51,146.63,142.83,142.93,4070
2024-12-12,142.41,142.41,137.39,137.43,4178
2024-12-13,136.95,136.96,133.25,135.81,6087
2024-12-16,135.57,137.87,134.03,137.87,5555
2024-12-17,134.83,134.83,126.55,128.2,3732
2024-12-18,131.43,132.05,106.81,108.05,14803
2024-12-19,113.54,116.27,104.85,105.16,16583
2024-12-20,103.525,113.51,103.525,110.45,5934
2024-12-31,112.49,112.56,108.905,109.7,7215
2025-01-02,111.415,113.29,105.03,105.8,6255
2025-01-03,106.64,110.72,101.78,110.68,7381
2025-01-06,111.58,118.07,111.03,111.03,12385
2025-01-07,113.6,113.6,105.4,107.83,9526
2025-01-08,105.33,109.05,103.91,107.76,11053
2025-01-10,102.015,102.015,94.95,98.28,21224
2025-01-14,105.57,112.97,105.57,112.97,9207
2025-01-15,125.19,125.68,117.67,121.45,23157
2025-01-16,117.97,119.37,114.95,117.83,12101
2025-01-21,125.91,129.53,125.91,127.49,9668
2025-01-23,123.32,125.44,120.4,121.51,6763
2025-01-24,120.37,126.61,120.06,124.15,6047
2025-01-27,128.305,130.69,125.77,128.0,14712
2025-01-28,128.24,129.46,123.81,126.37,8927
2025-01-29,126.54,131.25,123.2,126.38,13436
2025-01-30,130.21,133.9,126.77,128.7,31339
2025-01-31,130.78,132.69,127.24,128.86,12023
2025-02-03,115.86,124.51,115.5,121.9,7563
2025-02-04,121.6,128.87,121.46,127.2,8305
2025-02-05,129.92,131.71,127.11,131.71,3084
2025-02-06,132.79,136.35,131.37,136.35,6840
2025-02-07,133.15,133.86,126.715,131.49,7225
2025-02-11,124.295,132.53,124.295,132.43,3944
2025-02-12,126.4,127.18,123.16,123.25,9932
2025-02-13,123.37,124.47,120.92,124.31,7809
2025-02-20,126.82,126.82,117.06,121.44,5398
2025-02-21,122.39,122.42,110.83,111.2,19894
2025-02-24,113.26,113.27,107.78,108.81,11904
2025-02-25,110.75,112.94,106.87,109.11,8050
2025-02-27,110.09,113.64,108.81,110.19,8090
2025-02-28,111.5,115.15,109.95,114.24,5572
2025-03-03,115.1,117.73,106.68,109.35,15080
2025-03-04,102.1,105.01,92.72,104.18,34890
2025-03-05,97.79,98.365,91.84,96.27,18410
2025-03-06,92.43,93.82,89.25,91.82,10664
2025-03-07,90.53,92.51,85.26,91.14,22055
2025-03-11,81.005,82.88,76.56,79.4,16235
2025-03-12,81.835,83.69,78.56,81.67,13557
2025-03-13,82.78,83.59,78.72,78.91,11630
2025-03-18,87.36,87.53,84.8,86.53,6263
2025-03-21,85.59,88.92,84.12,87.98,11082
2025-03-24,91.81,95.94,91.8,95.13,8732
2025-03-25,95.41,96.4,93.6,93.66,6635
2025-03-26,95.37,97.48,91.5,92.54,5301
2025-04-03,75.4,75.4,60.71,60.74,102187
2025-04-04,53.1,54.7,46.02,52.99,72032
2025-04-07,48.18,61.37,46.57,53.33,26015
2025-04-08,58.12,61.09,49.76,50.92,15965
2025-04-09,50.09,66.12,47.21,64.325,22247
2025-04-10,57.63,58.8,47.1,51.79,53013
2025-04-11,49.09,52.98,47.41,51.69,22241
2025-04-14,54.35,54.88,50.55,54.43,5967
2025-04-15,56.41,59.165,56.41,57.23,7448
2025-04-16,56.67,57.94,55.18,57.09,12493
2025-04-17,58.17,59.68,57.97,58.72,12540
2025-04-21,57.35,57.35,54.94,56.32,6226
2025-04-22,57.615,62.24,57.6,61.79,21776
2025-04-23,67.15,72.42,65.7,66.16,25735
2025-04-25,68.16,68.56,65.7,67.12,5384
2025-04-29,68.9,70.77,66.04,70.22,7476
2025-04-30,65.035,68.55,63.67,68.4,9801
2025-05-01,67.44,71.86,66.9,70.02,9032
2025-05-02,73.37,76.17,72.345,75.64,14500
2025-05-06,72.32,74.5,71.09,73.78,7592
2025-05-08,75.155,79.14,74.97,78.57,6227
2025-05-12,87.02,90.01,87.0,87.58,7192
2025-05-14,87.23,88.99,86.53,87.19,9363
2025-05-15,87.08,88.42,85.91,87.54,6171
2025-05-16,85.75,87.78,85.32,87.43,6293
2025-05-20,85.3,86.14,84.35,84.78,4502
2025-05-21,81.61,82.99,76.06,76.06,16550
2025-05-27,75.56,80.29,75.56,79.98,5516
2025-05-28,80.855,80.855,76.34,76.38,6240
2025-05-29,76.89,77.9,75.76,77.9,3944
2025-06-02,74.32,75.3,71.51,74.72,9239
2025-06-03,74.17,78.89,73.8,78.31,8197
2025-06-04,79.3,79.3,75.42,75.8,10610
2025-06-05,74.01,76.48,73.75,75.24,4651
2025-06-06,79.15,80.89,78.63,80.87,8662
2025-06-09,82.0,84.17,81.75,82.5,8488
2025-06-10,82.26,86.0,82.26,84.495,14501
2025-06-11,83.86,86.22,80.49,81.4,13535
2025-06-12,78.03,79.65,77.39,79.63,17347
2025-06-13,76.43,76.51,72.8,73.31,16398
2025-06-17,72.14,74.15,70.97,71.55,7407
2025-06-18,70.77,75.62,70.76,74.07,11661
2025-06-20,76.11,76.33,74.8,75.7,4872
2025-06-23,74.66,81.14,74.575,81.14,6777
2025-06-24,82.995,86.22,82.77,82.77,15085
2025-06-25,82.28,82.37,80.5,81.52,9731
2025-06-26,83.4,87.55,83.095,87.49,12308
2025-06-27,88.32,89.17,85.72,87.22,12134
2025-06-30,88.2,89.14,87.0,87.0,6397
2025-07-01,86.02,97.96,86.02,95.51,34259
2025-07-02,96.205,100.75,95.49,100.65,20042
2025-07-03,104.24,106.43,103.65,103.755,8817
2025-07-07,102.12,106.08,98.76,100.55,12195
2025-07-08,101.39,105.66,101.08,103.15,10387
2025-07-09,105.55,105.55,101.64,103.28,5815
2025-07-10,102.805,107.41,102.73,105.73,5655
2025-07-11,102.935,104.17,101.37,102.09,7096
2025-07-14,101.6,105.535,101.6,105.51,6914
2025-07-15,104.585,104.86,94.26,94.37,15289
2025-07-16,96.27,97.71,91.23,96.53,21268
2025-07-17,96.53,102.98,96.53,102.64,12602
2025-07-18,104.205,104.51,100.76,103.0,16876
2025-07-21,104.83,107.21,101.835,102.0,10175
2025-07-22,102.33,106.1,100.71,103.68,7631
2025-07-23,104.27,105.575,100.67,103.23,10973
2025-07-24,100.35,101.43,97.58,97.58,7987
2025-07-25,95.09,96.75,91.58,96.4,15207
2025-07-29,97.86,97.86,94.14,94.72,6479
2025-07-30,96.0,96.295,89.56,90.87,11618
2025-07-31,89.33,90.01,87.18,87.72,11469
2025-08-01,83.12,83.66,77.735,82.22,24195
2025-08-04,82.65,85.57,82.21,85.45,3011
2025-08-05,85.795,86.29,81.04,86.29,5804
2025-08-06,85.495,86.93,84.19,84.41,5964
2025-08-07,86.77,86.77,81.3,81.64,12696
2025-08-08,84.06,85.59,82.49,84.95,16840
2025-08-11,85.24,86.7,83.31,84.26,15819
2025-08-12,86.37,93.58,86.32,93.44,25387
2025-08-13,94.1,98.48,94.1,98.27,20825
2025-08-14,94.6,98.4,94.2,98.3,6475
2025-08-15,97.41,97.41,93.37,93.37,11996
2025-08-20,94.89,95.735,93.37,95.55,5160
2025-08-22,95.25,108.29,95.25,107.78,22200
2025-08-25,106.27,107.815,105.75,106.25,14336
2025-08-26,105.99,111.1,105.99,110.11,10126
2025-08-27,108.19,113.81,108.19,112.5,13293
2025-08-28,113.07,113.08,109.81,111.28,7670
2025-08-29,112.05,113.32,110.39,110.96,7663
2025-09-02,105.63,109.18,104.41,109.18,12473
2025-09-03,107.95,112.12,106.3,109.21,11804
2025-09-04,109.445,114.1,109.445,114.1,6334
2025-09-05,116.255,117.54,108.49,110.91,10099
2025-09-08,110.09,110.69,106.38,109.91,6072
2025-09-09,109.735,110.71,106.72,107.39,9152
2025-09-11,106.93,109.46,106.3,109.01,3572
2025-09-12,108.86,109.87,106.48,107.82,6077
2025-09-15,108.8,109.06,104.22,104.83,7842
2025-09-16,103.31,103.31,98.12,101.5,5501
2025-09-17,102.58,111.99,102.58,105.03,20199
2025-09-18,106.17,113.38,106.17,113.26,22586
2025-09-19,112.745,112.745,108.12,108.95,9261
2025-09-22,106.91,108.09,103.51,105.14,4181
2025-09-23,107.54,110.14,103.62,104.22,14321
2025-09-25,101.53,104.12,100.69,102.95,5113
2025-09-26,104.81,106.7,102.21,104.31,4016
2025-09-29,105.94,105.94,99.45,101.2,7155
2025-09-30,101.38,102.63,96.18,99.77,12628
2025-10-01,98.99,99.67,95.96,98.49,7936
2025-10-02,98.39,98.73,95.5,97.98,6762
2025-10-03,100.87,102.52,100.05,100.82,6499
2025-10-06,103.735,107.99,100.91,103.69,29201
2025-10-07,104.53,105.435,101.11,101.5,4494
2025-10-08,101.09,102.54,99.35,99.58,7813
2025-10-09,98.87,99.53,96.54,98.06,8855
2025-10-10,99.51,100.63,85.16,85.27,23423
2025-10-13,89.5,90.71,87.075,90.71,5286
2025-10-14,90.07,100.94,89.87,99.2,14689
2025-10-15,99.32,99.32,91.03,91.89,8806
2025-10-16,89.52,89.74,72.7,74.66,147330
2025-10-17,77.07,79.16,75.59,78.75,36536
2025-10-20,79.68,85.04,79.68,84.525,41029
2025-10-21,83.455,85.76,83.19,84.75,6777
2025-10-22,85.65,87.01,83.13,83.94,26481
2025-10-23,83.03,84.77,81.27,82.86,10004
2025-10-24,85.79,88.72,85.63,87.41,21536
2025-10-27,89.025,89.99,86.41,87.37,6705
2025-10-28,85.545,87.44,84.47,85.49,7955
2025-10-29,84.01,87.5,79.82,81.02,14729
2025-10-30,80.48,84.735,80.48,81.19,9860
2025-10-31,78.21,81.855,77.6,81.72,16867
2025-11-03,80.75,81.62,77.76,81.615,8960
2025-11-04,80.28,81.64,78.19,81.07,8809
2025-11-05,81.84,85.94,80.39,83.94,28870
2025-11-07,81.41,85.68,80.51,85.68,14042
2025-11-10,87.29,88.55,85.09,86.88,12445
2025-11-11,85.68,89.11,85.68,87.9,4272
2025-11-12,89.24,91.58,87.73,87.85,6101
2025-11-13,87.49,89.01,83.74,84.515,15636
2025-11-14,82.52,85.435,81.72,84.96,6528
2025-11-17,84.05,84.44,74.865,75.535,14851
2025-11-19,78.46,80.35,77.74,79.92,4205
2025-11-20,84.24,85.25,78.58,78.84,10790
2025-11-21,80.36,89.16,80.36,86.87,25201
2025-11-24,85.98,88.315,85.46,87.49,11211
2025-11-25,88.985,96.32,88.985,94.68,28305
2025-11-28,93.325,94.445,92.41,92.59,14389
2025-12-01,91.91,96.98,91.91,95.69,12749
2025-12-02,96.8,97.48,94.015,94.015,5674
2025-12-03,95.69,100.36,95.69,99.97,16892
2025-12-04,98.965,102.33,98.965,100.94,3713
2025-12-08,100.84,103.19,99.875,101.12,9423
2025-12-09,102.81,104.94,100.67,100.67,6370
2025-12-10,101.64,112.62,101.37,111.025,51939
2025-12-11,109.46,115.455,109.46,112.53,35183
2025-12-12,113.765,114.09,109.22,110.9,16213
2025-12-15,114.31,114.71,111.165,111.84,5736
2025-12-16,112.89,112.89,109.28,110.57,10873
2025-12-17,111.24,115.44,110.955,111.7,9595
2025-12-18,114.375,115.84,111.49,113.48,10892
2025-12-19,113.65,114.58,109.99,111.71,3475
2025-12-22,115.15,115.22,112.69,113.29,7516
2025-12-29,110.3,110.36,105.9,106.505,4839
2025-12-30,106.35,106.35,103.975,103.975,8757
2025-12-31,104.16,104.16,101.195,101.225,4814
2026-01-02,101.45,104.37,97.53,102.565,14010
2026-01-05,105.525,111.99,105.525,109.155,18998
2026-01-07,112.395,112.395,107.9,109.89,6234
2026-01-08,108.95,118.99,108.95,116.76,24188
2026-01-12,109.44,111.72,107.925,109.055,7322
2026-01-13,110.235,110.235,106.65,107.11,5777
2026-01-14,105.81,111.45,105.81,110.72,6698
2026-01-15,111.9,118.67,111.53,116.67,7758
2026-01-16,116.315,117.35,114.59,114.78,6125
2026-01-20,110.11,114.15,109.1,110.16,8978
2026-01-21,116.505,126.75,116.505,125.28,18188
2026-01-22,127.24,131.54,124.28,124.7,9750
2026-01-23,122.92,123.41,111.41,112.14,15203
2026-01-26,114.28,115.04,110.07,114.49,6626
2026-01-27,116.22,116.49,112.72,114.93,4533
2026-01-28,114.52,116.95,112.65,113.02,10709
2026-01-29,116.11,118.36,113.51,118.36,5956
2026-01-30,119.41,119.68,114.51,118.46,6985
2026-02-02,116.75,125.99,116.74,124.07,17356
2026-02-03,124.32,132.0,124.0,130.58,22218
2026-02-04,133.165,141.2,133.0,136.52,30781
2026-02-05,136.06,139.5,132.35,136.185,10134
2026-02-06,141.18,145.46,140.21,143.71,4676
2026-02-09,142.59,145.98,140.82,143.13,16597
2026-02-10,141.36,143.37,134.03,137.83,8519
2026-02-11,144.63,144.63,131.21,133.17,6660
2026-02-12,136.8,136.8,121.28,127.09,9541
2026-02-13,126.22,131.33,123.6,129.71,8565
