Date,Open,High,Low,Close,Volume
2020-08-11,39.83,40.31,38.98,38.98,4558
2020-09-04,40.28,40.28,37.71,38.88,5600
2020-09-21,34.08,34.15,32.64,33.715,19197
2020-10-02,33.33,35.65,33.33,35.11,9711
2020-10-28,33.21,33.33,32.05,32.68,5894
2020-11-03,37.25,38.75,37.25,37.885,29733
2020-11-04,36.6,38.42,35.14,36.64,12475
2020-11-06,39.57,39.57,37.89,38.3,5925
2020-11-09,44.97,48.8,44.97,46.795,79366
2020-11-10,46.68,48.39,46.29,48.12,7367
2020-11-12,45.55,45.87,44.035,44.72,6715
2020-11-13,46.0,47.66,46.0,47.23,4610
2020-12-21,55.63,57.08,54.16,56.24,8913
2021-01-06,62.49,68.0,62.3,66.605,25758
2021-01-07,69.6,71.42,69.37,69.75,7886
2021-01-08,70.04,70.04,66.7,69.41,4968
2021-01-11,67.195,70.42,66.86,70.15,3978
2021-01-12,71.14,73.09,71.14,72.375,8086
2021-01-15,69.79,70.75,67.91,69.05,6370
2021-01-27,60.3,60.4,57.14,57.2,7861
2021-01-29,59.92,60.14,56.7,57.06,6648
2021-02-03,63.46,64.445,63.22,64.445,3880
2021-02-22,78.65,81.55,78.65,80.77,9442
2021-02-23,81.95,82.07,79.98,82.03,3557
2021-02-24,83.375,87.39,83.36,86.88,7801
2021-02-25,88.17,88.91,81.77,82.4,11737
2021-02-26,82.18,82.52,77.22,77.84,11283
2021-03-01,81.86,86.1,81.86,84.75,6934
2021-03-02,85.03,85.56,83.89,84.485,4273
2021-03-03,84.98,89.05,84.98,85.995,8725
2021-03-04,85.59,87.05,78.85,82.04,12062
2021-03-05,85.66,87.61,80.71,86.96,13618
2021-03-08,88.77,93.68,88.77,91.44,11401
2021-03-09,89.02,91.92,85.78,88.65,6220
2021-03-10,90.34,94.38,90.31,93.4,7313
2021-03-11,92.27,94.47,91.455,92.92,6679
2021-03-15,96.37,96.51,92.35,94.98,5686
2021-03-16,93.1,93.1,90.1,91.76,3912
2021-03-17,93.63,94.65,90.93,93.61,8094
2021-03-18,96.46,100.27,94.27,94.27,10882
2021-03-19,92.12,93.04,89.33,91.96,11487
2021-03-22,89.6,90.05,87.66,88.38,5130
2021-03-23,86.37,88.2,83.98,84.38,7484
2021-03-24,86.87,88.93,85.67,85.67,5952
2021-03-25,84.88,89.04,82.95,89.04,5734
2021-03-30,93.29,93.925,92.22,92.475,3760
2021-03-31,92.15,93.25,90.83,90.83,4028
2021-04-07,97.29,97.29,95.39,96.81,4174
2021-04-14,98.44,101.74,98.44,99.91,2651
2021-04-21,95.03,99.385,95.03,99.385,5444
2021-04-22,98.77,98.94,96.3,96.3,5994
2021-04-23,96.2,102.52,96.2,101.76,3937
2021-04-29,108.87,111.16,108.34,111.05,5697
2021-04-30,109.18,110.43,108.07,108.16,2784
2021-05-04,110.07,112.15,106.73,112.15,4894
2021-05-07,115.74,121.41,115.68,121.355,3228
2021-05-10,124.05,125.59,120.98,120.98,4550
2021-05-11,117.15,120.16,113.13,114.64,6214
2021-05-12,116.91,118.11,109.18,109.79,7628
2021-05-13,111.95,117.82,111.95,116.16,8027
2021-05-17,121.16,121.78,119.1,121.39,3847
2021-05-19,112.03,114.91,109.39,114.91,9632
2021-05-20,114.91,117.12,113.2,115.09,4507
2021-05-21,116.72,119.87,116.72,118.73,3322
2021-05-25,121.32,122.55,115.66,115.92,4605
2021-05-28,120.82,122.1,119.34,121.7,3241
2021-06-01,124.87,125.54,122.85,123.51,5163
2021-06-03,122.55,126.42,121.61,124.66,4271
2021-06-09,120.57,120.57,118.69,118.99,6064
2021-06-16,111.81,115.875,109.98,114.245,10176
2021-06-17,114.85,114.85,103.3,104.0,13269
2021-06-18,99.63,100.04,96.25,96.69,11586
2021-06-21,98.84,103.025,98.84,103.005,7055
2021-06-22,103.2,104.08,100.66,103.39,6601
2021-06-23,104.24,105.19,103.17,104.14,8217
2021-06-25,108.06,112.25,107.61,111.655,8161
2021-06-29,112.25,112.25,107.57,108.22,5211
2021-07-07,104.19,106.65,103.94,106.64,7084
2021-07-08,101.62,103.25,98.66,100.02,10430
2021-07-12,106.35,111.93,106.35,111.59,9009
2021-07-13,108.94,109.89,106.66,107.5,3670
2021-07-14,107.83,109.84,102.93,106.09,6034
2021-07-19,97.81,97.915,93.44,94.81,6529
2021-07-20,94.91,102.94,94.91,101.52,4781
2021-07-21,104.6,108.0,104.4,106.63,4830
2021-07-28,106.83,107.42,103.5,105.51,4035
2021-08-02,109.61,112.16,106.79,106.79,5528
2021-08-06,114.85,118.6,114.52,118.19,11798
2021-08-09,117.8,120.88,116.85,119.32,4899
2021-08-10,119.89,123.7,118.99,122.38,3923
2021-08-11,123.91,126.79,122.84,126.79,5990
2021-08-12,127.04,127.65,125.39,127.23,6044
2021-08-16,122.77,124.0,119.53,123.97,10557
2021-08-17,121.65,123.76,117.73,120.98,4559
2021-08-19,113.08,116.99,112.17,114.02,5959
2021-08-25,123.19,127.88,122.8,126.19,6366
2021-08-26,126.87,127.84,124.27,124.27,8123
2021-08-27,124.5,129.1,124.5,129.1,5248
2021-08-30,125.62,127.43,124.36,124.36,6998
2021-09-16,120.88,121.7,117.11,118.19,3587
2021-09-20,109.02,109.28,103.47,107.86,5456
2021-09-21,109.75,110.54,107.29,107.86,6101
2021-09-22,111.52,114.06,110.65,112.575,4165
2021-09-28,125.84,127.53,120.05,120.53,4744
2021-09-30,121.46,122.57,115.68,115.68,3892
2021-10-01,117.43,122.76,115.31,120.87,2985
2021-10-04,120.02,123.39,117.08,117.81,4240
2021-10-06,120.4,124.7,118.775,124.7,5173
2021-10-07,128.89,130.94,127.59,127.59,12686
2021-10-12,124.8,127.03,124.64,125.26,3512
2021-10-13,124.19,124.43,118.7,123.79,7001
2021-10-15,133.45,137.13,133.23,135.42,5608
2021-10-22,145.01,147.96,144.08,147.36,3309
2021-10-27,146.74,147.82,140.415,140.44,3682
2021-11-03,146.37,150.1,146.16,149.56,3131
2021-11-04,147.22,147.22,140.71,143.09,4254
2021-11-19,133.07,134.77,130.05,132.535,3255
2021-11-22,137.58,141.5,135.38,138.23,6476
2021-11-23,140.79,144.18,140.08,144.14,4402
2021-11-26,130.72,131.89,125.52,130.28,17852
2021-12-01,126.99,130.27,117.96,117.96,4391
2021-12-03,128.84,128.87,118.71,121.41,9412
2021-12-06,125.1,129.09,124.35,126.01,4335
2021-12-08,132.12,134.06,129.99,130.76,2668
2021-12-15,127.51,129.13,124.19,128.46,4102
2021-12-16,132.59,135.72,131.48,132.91,3616
2021-12-17,130.08,130.21,122.51,124.29,6196
2021-12-20,118.42,118.42,113.24,116.99,6964
2021-12-23,130.28,130.85,128.7,128.7,4790
2022-01-03,133.64,136.16,133.28,134.45,13275
2022-01-04,139.71,145.46,139.71,144.815,7537
2022-01-05,146.22,147.295,138.57,138.68,11106
2022-01-06,142.44,144.97,139.94,144.89,2789
2022-01-07,145.92,150.09,145.92,149.6,4326
2022-01-10,152.19,152.28,143.93,148.17,5277
2022-01-11,148.84,152.18,146.46,152.18,4935
2022-01-12,153.91,155.29,150.56,152.47,7339
2022-01-13,153.46,155.27,149.91,149.91,2467
2022-01-14,143.64,146.65,141.33,146.65,5221
2022-01-18,143.1,143.1,134.81,137.0,12595
2022-01-20,132.0,135.69,127.11,127.6,4233
2022-01-21,124.83,125.87,118.79,119.79,4887
2022-01-24,112.7,115.48,107.09,115.48,13775
2022-01-26,125.12,127.43,117.555,121.54,12612
2022-01-28,117.54,123.29,115.23,123.26,5909
2022-02-03,133.36,136.32,130.37,130.75,4898
2022-02-09,145.03,148.38,144.91,145.72,8125
2022-02-10,144.4,149.67,141.18,142.36,3802
2022-02-11,140.96,145.14,134.02,135.9,4878
2022-02-14,134.99,135.05,127.94,130.71,3962
2022-02-15,136.35,137.61,135.56,136.4,3079
2022-02-24,105.83,114.48,104.75,114.1,7932
2022-02-25,116.8,125.8,116.8,125.11,4934
2022-02-28,117.75,122.16,116.67,119.75,17329
2022-03-01,116.62,116.62,105.73,107.6,20558
2022-03-02,110.63,117.96,110.63,117.89,13284
2022-03-03,117.97,119.12,112.67,114.42,10298
2022-03-04,108.29,108.56,104.93,108.25,7753
2022-03-07,104.79,105.75,95.73,95.73,9845
2022-03-08,98.3,101.77,93.67,94.45,15450
2022-03-09,103.22,106.9,102.71,104.61,8469
2022-03-10,100.0,103.5,99.14,101.92,4905
2022-03-11,106.01,106.01,100.18,100.18,6223
2022-03-14,103.56,107.66,101.54,102.65,7997
2022-03-15,106.67,107.18,103.8,106.66,5078
2022-03-16,111.0,116.29,110.42,115.92,9395
2022-03-17,113.24,119.48,113.24,119.4,3391
2022-03-21,123.39,124.4,119.89,121.34,3396
2022-03-25,123.75,127.845,123.75,127.21,13044
2022-03-29,132.09,132.36,126.41,128.16,9856
2022-03-30,128.29,128.29,123.29,124.88,2970
2022-04-01,118.56,119.0,114.13,116.69,8990
2022-04-04,113.9,117.58,113.9,114.92,4331
2022-04-05,113.52,116.8,112.13,112.13,6259
2022-04-06,110.41,110.725,108.27,109.5,6209
2022-04-07,109.58,109.98,104.34,108.81,14070
2022-04-08,110.24,113.17,109.61,111.455,5380
2022-04-11,110.98,113.91,109.765,109.765,7200
2022-04-12,109.62,112.85,105.27,106.58,6882
2022-04-14,107.33,107.57,103.63,103.63,5578
2022-04-20,111.73,113.74,111.73,111.85,2830
2022-04-22,104.68,104.68,97.15,97.15,5738
2022-04-25,92.67,97.44,89.9,97.44,4095
2022-04-26,93.65,96.33,89.375,89.375,6151
2022-04-27,89.16,92.09,88.55,89.64,4469
2022-04-28,91.945,93.505,88.05,92.79,4176
2022-04-29,91.53,92.07,82.69,83.03,4054
2022-05-02,84.14,85.21,78.91,83.86,10169
2022-05-03,85.64,89.45,85.31,87.68,7352
2022-05-04,88.645,95.405,87.78,95.325,6611
2022-05-05,91.61,91.61,83.95,86.95,11347
2022-05-06,85.715,85.715,81.52,84.8,5662
2022-05-09,81.47,82.48,77.315,78.29,8454
2022-05-10,81.19,81.81,74.2,76.74,7383
2022-05-11,76.95,80.43,73.98,73.98,5485
2022-05-12,72.91,75.07,69.17,72.99,7580
2022-05-13,76.25,77.77,75.47,76.75,3272
2022-05-17,79.48,81.16,78.39,81.04,4080
2022-05-18,78.42,79.08,73.77,74.38,7288
2022-05-19,72.37,74.57,72.01,73.08,5700
2022-05-20,75.28,75.28,68.51,72.97,6033
2022-05-23,76.65,80.8,75.75,79.43,14963
2022-05-24,78.38,79.46,73.97,78.62,11879
2022-05-25,79.17,81.83,78.43,80.8,7870
2022-05-26,83.27,87.33,83.27,86.67,13897
2022-05-27,87.64,91.22,87.64,91.22,5867
2022-05-31,88.23,91.89,87.42,90.18,7636
2022-06-01,89.35,89.865,83.62,85.99,10878
2022-06-02,86.275,89.84,84.35,89.84,6627
2022-06-07,85.23,88.78,85.17,88.76,3920
2022-06-08,86.42,87.37,83.58,84.28,3520
2022-06-09,82.65,83.13,78.08,78.08,2624
2022-06-10,72.87,73.63,69.42,70.755,7421
2022-06-13,64.38,65.05,61.75,63.04,6570
2022-06-15,63.82,66.23,61.03,63.63,9411
2022-06-16,59.14,59.14,57.38,57.88,4905
2022-06-27,68.27,68.97,67.15,67.82,3225
2022-06-28,71.32,71.62,65.97,66.06,3246
2022-06-30,61.48,64.29,60.73,62.88,4454
2022-07-01,62.3,66.05,61.78,65.39,4666
2022-07-07,66.8,67.81,66.5,67.32,2987
2022-07-14,57.62,58.69,56.54,58.23,3800
2022-07-18,66.76,67.61,62.65,62.65,5057
2022-07-19,65.71,69.53,65.67,69.26,6390
2022-07-29,73.95,76.94,73.9,76.91,5013
2022-08-01,74.35,75.0,73.18,74.58,3996
2022-08-08,77.79,78.07,75.96,75.96,3311
2022-08-11,85.42,86.7,84.56,84.95,3526
2022-08-17,88.1,90.51,88.1,89.595,4665
2022-08-23,78.71,79.95,78.06,78.17,3827
2022-08-30,74.62,74.84,71.895,72.92,4680
2022-09-06,70.89,70.89,68.06,69.18,3020
2022-09-13,76.22,76.8,71.29,71.89,4468
2022-09-15,71.68,74.58,71.68,71.99,2700
2022-09-16,70.06,70.36,68.07,70.09,8969
2022-09-19,68.31,72.47,68.31,72.3,5481
2022-09-21,69.41,70.58,65.84,65.84,4862
2022-09-23,59.58,59.74,56.04,58.3,4949
2022-09-26,58.15,58.15,54.92,55.47,3215
2022-09-28,55.37,58.75,55.14,58.57,4413
2022-09-29,56.21,56.57,53.85,56.03,3114
2022-09-30,56.16,58.02,54.66,54.66,5292
2022-10-04,62.27,65.43,62.27,65.43,7177
2022-10-05,62.63,64.62,61.94,63.75,5066
2022-10-12,52.9,55.36,52.9,53.33,5886
2022-10-13,49.7,59.77,49.65,59.41,10179
2022-10-14,61.21,63.29,56.795,57.08,11702
2022-10-17,60.91,61.58,60.3,60.93,6015
2022-10-18,65.4,66.09,62.13,64.12,6429
2022-10-19,62.795,63.55,59.95,60.87,5105
2022-10-20,60.27,62.18,57.7,58.39,4186
2022-10-26,69.18,70.7,68.05,68.17,3870
2022-10-27,71.29,72.36,69.89,70.0,4157
2022-10-28,71.46,75.3,70.73,75.27,3977
2022-10-31,74.27,75.31,73.9,73.98,5624
2022-11-01,75.68,75.9,73.55,74.71,5403
2022-11-02,73.745,77.48,71.72,71.72,9629
2022-11-04,72.46,74.16,70.89,72.82,6211
2022-11-08,75.45,77.59,75.44,76.94,5532
2022-11-09,74.95,75.8,72.36,72.78,5616
2022-11-10,80.05,83.86,79.06,83.84,4252
2022-11-11,85.02,86.74,84.06,85.89,6972
2022-11-14,84.91,85.06,81.95,81.95,3350
2022-11-15,85.45,85.47,80.36,82.58,8668
2022-11-28,86.41,86.41,82.34,82.4,3204
2022-11-30,83.53,87.82,80.38,87.735,7314
2022-12-01,89.39,89.48,84.77,86.67,5384
2022-12-02,83.87,85.575,83.27,85.1,6341
2022-12-05,83.15,83.15,78.31,79.14,6003
2022-12-06,77.61,78.21,75.145,76.89,4613
2022-12-07,75.45,77.985,75.45,76.07,3379
2022-12-13,83.46,83.46,77.63,79.22,3740
2022-12-14,79.67,80.21,75.44,76.77,13558
2022-12-15,72.85,72.85,70.39,71.45,9749
2022-12-23,69.92,72.29,69.92,71.925,5153
2022-12-27,71.48,73.03,71.365,72.06,6507
2022-12-28,72.72,72.835,71.06,71.77,6755
2022-12-29,72.37,74.56,72.28,74.19,2525
2023-01-09,82.05,83.22,79.54,80.16,7972
2023-01-12,83.48,85.66,82.69,84.28,7822
2023-01-19,76.46,77.63,75.21,76.67,2664
2023-01-23,80.15,83.27,80.15,83.03,4265
2023-01-25,81.32,85.12,81.02,84.83,3803
2023-02-02,89.125,90.1,87.69,89.0,5360
2023-03-09,72.94,72.94,66.4,66.79,3356
2023-03-10,63.87,67.62,60.8,62.41,23984
2023-03-13,56.63,59.33,55.01,55.52,48774
2023-03-14,61.585,61.585,56.95,58.84,12241
2023-03-15,53.64,54.52,52.005,53.57,20671
2023-03-16,53.005,58.73,51.505,57.09,17970
2023-03-17,54.62,54.62,51.27,51.5,9490
2023-03-20,52.66,54.425,52.64,53.23,8277
2023-03-21,56.76,57.44,56.41,57.105,7534
2023-03-22,56.79,57.5,53.265,53.265,4622
2023-03-23,53.68,54.77,51.5,52.15,13388
2023-03-24,49.93,51.9,49.26,51.88,5104
2023-03-27,54.46,54.75,53.16,53.94,5580
2023-04-05,55.09,56.15,55.09,55.98,3351
2023-04-12,59.64,59.86,57.88,58.2,6242
2023-05-02,59.385,59.385,56.45,57.84,5164
2023-05-04,54.79,54.79,52.27,53.38,5753
2023-05-17,56.33,58.35,55.935,58.1,4840
2023-05-24,54.55,55.025,54.38,54.54,4366
2023-06-02,57.99,59.68,57.59,59.07,3061
2023-06-14,62.77,63.115,61.01,61.4,5177
2023-06-26,59.16,59.17,58.03,58.26,6040
2023-07-10,63.16,64.54,63.16,63.31,2847
2023-09-11,66.13,66.82,65.48,65.63,5548
2023-09-13,68.16,68.18,66.51,67.29,6469
2023-09-14,68.185,69.085,68.185,68.89,2488
2023-12-07,71.75,72.06,71.49,71.91,4130
2023-12-22,80.88,81.36,80.04,80.87,2050
2024-03-14,105.08,105.47,100.885,102.23,4217
2024-03-21,109.52,111.81,109.52,111.43,7067
2024-04-10,102.44,105.15,101.43,102.43,4954
2024-04-11,99.93,102.19,99.12,100.345,3896
2024-04-12,98.55,98.55,95.0,95.95,8084
2024-04-15,99.565,100.285,94.07,94.4,6608
2024-04-16,93.87,94.23,92.12,92.66,4713
2024-04-17,94.45,94.65,92.15,93.27,5740
2024-04-19,95.54,98.27,95.54,97.96,10495
2024-04-22,98.93,102.81,98.5,101.265,5534
2024-04-26,100.2,102.365,100.2,100.81,2665
2024-05-16,111.4,111.8,110.5,110.96,4679
2024-05-23,107.94,107.94,102.7,103.18,4610
2024-05-30,100.55,101.49,99.34,100.78,4031
2024-05-31,101.43,105.43,101.18,105.43,6130
2024-06-11,100.03,100.03,98.0,98.66,6150
2024-07-12,108.46,111.15,107.87,109.88,8739
2024-07-16,115.04,118.67,115.04,118.65,7914
2024-07-17,119.13,121.74,119.13,121.49,6887
2024-07-18,120.42,123.37,116.21,116.61,10044
2024-07-19,115.63,116.46,112.93,112.93,4897
2024-07-25,111.78,116.87,111.78,112.39,5195
2024-07-26,113.97,118.04,113.68,117.33,4947
2024-08-02,110.84,110.84,104.0,105.82,7555
2024-08-05,97.49,99.51,95.82,97.34,13374
2024-08-12,109.11,109.11,105.68,105.97,4125
2024-08-13,107.34,108.81,105.99,108.81,4422
2024-08-21,118.11,118.45,116.66,118.45,2948
2024-08-28,125.97,128.88,125.19,127.57,8665
2024-08-29,128.925,131.09,126.03,130.32,5312
2024-09-03,133.28,134.185,129.57,131.025,8330
2024-09-05,130.66,130.66,125.56,127.32,8349
2024-09-06,127.9,128.94,120.79,121.44,15632
2024-09-11,121.18,121.19,114.43,120.35,5729
2024-09-18,129.76,130.27,127.93,128.07,3169
2024-09-30,126.6,129.915,126.02,129.915,4771
2024-10-01,128.68,129.45,125.59,127.635,6814
2024-10-04,129.65,132.6,128.78,132.55,8830
2024-10-11,134.99,140.0,134.99,139.55,5518
2024-10-22,144.82,145.325,141.725,144.87,10409
2024-10-23,144.43,145.1,143.24,144.11,3758
2024-10-25,144.85,144.85,139.48,139.85,3200
2024-10-28,141.85,144.94,141.85,144.67,2756
2024-11-06,161.75,166.37,158.8,165.34,21114
2024-11-07,160.47,161.69,157.57,157.57,7959
2024-11-12,167.85,168.355,165.465,166.51,4725
2024-11-13,167.36,169.87,166.48,166.94,4483
2024-12-02,182.695,182.695,175.47,176.65,7028
2024-12-04,171.47,171.59,169.0,170.61,7058
2024-12-18,159.39,159.52,143.44,143.44,5914
2024-12-30,149.22,152.25,147.17,152.105,5698
2025-01-02,153.215,154.61,147.75,149.59,7499
2025-01-06,154.715,156.22,151.05,151.365,8196
2025-01-07,152.94,154.235,148.72,150.52,31179
2025-01-08,149.63,151.93,147.97,151.7,8009
2025-01-10,147.16,147.16,139.4,140.7,13833
2025-01-13,138.41,143.86,138.41,143.68,4897
2025-01-15,159.13,161.59,157.45,160.68,11665
2025-01-16,160.58,163.83,160.58,163.26,4577
2025-01-17,164.02,168.18,163.16,167.75,6881
2025-01-21,170.375,171.59,170.15,171.53,6883
2025-01-23,170.19,172.63,170.19,172.11,7595
2025-01-27,171.64,178.76,171.54,178.76,9182
2025-01-29,176.54,181.12,176.54,178.24,4675
2025-01-30,181.99,184.95,179.51,182.51,11348
2025-01-31,183.29,183.8,179.08,179.37,6647
2025-02-03,171.5,178.26,168.39,178.26,18192
2025-02-06,183.92,185.62,182.07,185.62,7443
2025-02-07,186.33,186.47,182.13,182.13,14018
2025-02-10,182.75,183.32,175.97,178.31,9307
2025-02-12,175.93,177.13,174.29,177.01,15397
2025-02-18,182.92,185.13,182.16,185.12,8477
2025-02-20,184.08,184.1,173.3,176.8,9990
2025-02-21,177.425,177.425,169.96,170.14,7432
2025-02-25,175.33,175.94,165.93,172.26,7474
2025-02-26,172.51,175.4,170.13,170.85,7600
2025-02-27,173.62,180.51,172.93,174.02,9490
2025-02-28,176.42,184.87,174.8,184.52,8197
2025-03-03,186.34,189.07,175.94,178.76,12154
2025-03-04,174.39,174.48,158.23,158.97,43262
2025-03-05,160.86,165.605,157.48,163.68,19877
2025-03-06,157.855,160.04,152.55,154.895,22758
2025-03-07,153.34,153.89,145.31,152.175,17713
2025-03-11,141.86,142.05,135.94,138.41,26843
2025-03-12,138.65,141.39,135.98,139.69,11489
2025-03-26,165.99,169.38,161.39,163.21,8440
2025-03-27,162.19,164.2,158.43,163.09,5474
2025-03-31,149.82,160.1,146.82,158.11,12311
2025-04-01,156.12,159.44,152.66,157.18,5958
2025-04-03,142.5,146.41,136.8,137.1,29582
2025-04-04,123.65,125.72,106.41,107.18,103078
2025-04-07,97.135,117.01,94.55,106.44,41288
2025-04-08,117.95,121.42,100.5,105.5,38431
2025-04-09,101.11,131.45,98.94,129.26,57173
2025-04-10,120.905,122.18,107.71,117.22,50740
2025-04-11,116.74,125.2,114.25,123.45,30279
2025-04-14,128.11,129.98,125.55,128.47,9877
2025-04-16,127.28,128.19,119.94,122.36,10507
2025-04-17,123.27,127.37,122.095,123.84,12815
2025-04-21,121.235,121.235,111.22,115.08,9287
2025-04-23,134.1,138.26,129.61,130.38,31663
2025-04-30,132.49,140.17,128.73,139.62,14898
2025-05-01,137.705,141.52,136.64,139.8,9923
2025-05-02,145.0,148.87,144.02,147.87,13679
2025-05-08,147.87,152.28,147.09,147.97,13548
2025-05-09,149.0,149.33,146.89,147.98,5927
2025-05-12,159.695,159.695,154.4,157.05,7658
2025-05-15,159.94,161.245,157.98,160.89,7161
2025-05-16,160.445,164.0,159.5,163.46,4281
2025-05-19,160.335,164.91,160.23,163.19,10584
2025-05-20,161.21,162.38,158.83,160.76,6501
2025-05-21,157.57,159.045,151.04,151.31,7915
2025-05-22,150.42,152.93,148.58,150.33,3833
2025-05-23,146.88,150.63,146.22,148.465,8509
2025-05-27,151.82,156.39,151.82,156.17,9469
2025-05-29,153.16,155.23,152.51,155.02,4714
2025-05-30,153.905,157.11,151.96,156.08,18164
2025-06-02,153.48,156.38,150.435,156.06,14875
2025-06-03,157.12,157.67,152.0,157.67,13522
2025-06-04,158.02,158.19,154.865,154.865,6897
2025-06-05,155.25,155.25,151.705,152.99,13493
2025-06-11,156.86,159.29,154.91,156.11,8406
2025-06-12,153.37,156.15,151.73,156.01,8861
2025-06-13,150.71,150.71,145.24,146.49,20096
2025-06-16,149.65,154.23,149.65,151.42,11834
2025-06-17,149.07,150.73,147.99,148.46,7208
2025-06-18,149.53,153.07,147.915,148.42,9447
2025-06-20,149.19,151.31,148.85,150.08,7552
2025-06-23,149.865,155.36,146.88,155.25,10703
2025-06-24,159.065,163.17,158.96,161.65,10668
2025-06-26,162.21,163.69,160.84,163.69,11667
2025-06-27,163.64,167.31,162.92,164.08,9078
2025-06-30,167.24,169.32,166.52,168.83,13205
2025-07-01,168.58,172.09,167.95,171.45,7840
2025-07-02,171.35,171.35,168.61,170.67,6192
2025-07-03,172.43,177.24,172.43,176.49,7736
2025-07-07,175.75,176.79,168.85,171.05,13412
2025-07-08,169.43,170.06,166.41,166.79,12845
2025-07-09,167.75,169.22,166.2,168.01,7660
2025-07-10,167.91,171.65,167.91,171.435,5396
2025-07-11,167.51,167.51,165.67,166.155,4876
2025-07-14,166.52,169.635,166.52,169.635,5894
2025-07-15,166.99,167.08,161.11,161.27,17610
2025-07-16,163.37,164.42,158.02,163.865,12106
2025-07-17,164.38,169.36,163.85,168.82,8263
2025-07-18,169.285,169.69,168.28,168.98,4192
2025-07-23,171.235,174.015,169.44,173.49,7912
2025-07-29,175.05,175.57,169.89,170.75,4750
2025-07-31,169.15,171.5,166.79,166.79,10968
2025-08-01,157.52,158.31,154.44,157.49,6263
2025-08-07,163.58,163.84,155.37,156.66,7299
2025-08-08,157.94,161.77,157.94,160.64,3636
2025-08-15,171.67,171.82,166.25,166.25,6736
2025-08-22,170.31,176.995,170.31,175.93,6056
2025-08-25,174.87,175.97,173.36,173.36,3342
2025-08-28,178.1,179.2,177.67,179.01,6462
2025-08-29,179.87,181.39,179.11,179.54,4382
2025-09-02,173.95,175.94,171.85,175.94,5071
2025-09-05,181.57,181.57,168.66,170.6,6828
2025-09-09,172.41,175.18,171.7,173.19,12406
2025-09-12,179.04,179.125,176.52,177.64,5225
2025-09-17,177.49,181.43,177.33,179.01,10882
2025-09-18,179.78,183.43,179.14,179.55,5929
2025-10-03,173.48,178.56,173.48,176.515,8400
2025-10-10,175.1,175.33,160.87,161.03,19090
2025-10-13,165.66,166.59,163.26,166.05,6152
2025-10-14,163.67,174.59,161.77,170.96,10905
2025-10-15,173.08,175.53,167.57,170.365,5658
2025-10-16,168.08,168.08,155.29,156.65,4564
2025-10-17,157.825,161.59,156.9,160.32,9064
2025-10-20,161.69,166.35,161.27,166.21,6359
2025-10-22,164.62,164.62,159.66,161.75,4932
2025-10-27,170.09,170.78,169.29,169.95,5456
2025-10-29,161.62,162.67,156.6,158.225,21001
2025-10-30,159.005,164.9,159.005,159.995,6025
2025-11-03,158.93,159.47,154.37,158.795,10949
2025-11-04,157.02,161.95,156.12,161.02,5234
2025-11-06,162.98,162.98,159.095,160.84,5087
2025-11-07,159.65,164.24,158.91,164.24,7590
2025-11-10,165.295,167.25,163.46,165.675,12866
2025-11-13,171.415,172.73,165.0,165.36,38247
2025-11-14,163.725,163.725,159.295,160.445,14768
2025-11-18,150.31,153.52,149.01,150.715,4713
2025-11-19,151.08,152.79,150.06,152.45,7013
2025-11-20,156.78,158.97,149.04,149.6,7695
2025-11-21,150.565,155.1,148.77,152.97,8744
2025-12-09,168.675,172.42,166.51,166.51,5744
2025-12-10,154.535,161.96,154.27,160.49,11945
2025-12-12,171.48,171.48,168.07,169.66,4406
2025-12-16,170.01,171.455,165.47,167.45,9432
2025-12-17,169.86,170.29,166.54,166.97,4727
2025-12-19,167.51,169.585,167.51,168.34,2439
2026-01-02,165.9,169.935,164.32,169.61,17964
2026-01-05,169.99,184.125,169.99,180.75,13600
2026-01-06,179.855,184.105,179.855,183.95,3865
2026-01-07,181.875,181.875,175.21,175.465,9774
2026-01-08,173.815,181.45,173.815,179.025,4257
2026-01-12,169.79,172.765,168.13,172.765,10571
2026-01-13,171.035,171.425,161.65,162.56,16664
2026-01-14,160.5,161.645,157.55,161.37,8355
2026-01-15,162.245,166.285,162.235,163.35,10642
2026-01-20,156.35,160.79,152.0,152.33,15906
2026-01-21,154.15,157.76,153.08,154.66,13673
2026-01-22,156.92,159.675,156.5,157.68,9808
2026-01-23,154.56,154.56,150.11,151.405,7356
2026-01-26,153.99,155.02,152.27,154.13,3807
2026-01-28,150.48,151.99,148.6,149.28,10229
2026-01-29,153.89,155.59,150.77,155.1,6814
2026-01-30,154.505,155.77,150.65,154.0,9497
2026-02-02,154.625,159.39,152.24,158.92,6597
2026-02-03,156.99,160.18,151.71,154.555,22306
2026-02-04,154.625,160.1,154.39,158.15,13724
2026-02-05,157.93,158.51,151.56,152.33,18921
2026-02-06,157.9,161.01,157.9,160.84,12257
2026-02-10,157.18,160.2,150.51,154.0,9758
2026-02-11,156.235,156.235,146.97,147.22,23171
2026-02-12,148.685,149.82,136.73,138.34,13163
2026-02-13,137.245,139.68,135.5,138.01,15874
