Date,Open,High,Low,Close,Volume
2024-04-24,36.9,37.59,36.67,37.5,4300
2024-08-21,37.91,38.36,37.75,38.09,5952
2024-10-28,37.56,37.89,36.16,37.32,12296
2024-10-29,37.79,38.88,37.54,38.58,21767
2024-10-30,43.64,44.1,40.61,40.61,24351
2024-10-31,40.28,41.71,39.155,39.18,10642
2024-11-01,38.64,39.56,38.64,39.23,5624
2024-11-06,40.53,41.71,40.52,41.55,6519
2024-11-08,42.69,42.99,42.31,42.35,3977
2024-11-13,43.36,43.36,42.51,42.6,5587
2024-11-14,41.86,42.22,40.48,41.05,5857
2024-11-21,38.96,38.96,35.49,37.16,12565
2024-11-22,36.16,36.59,35.68,35.865,7160
2024-12-06,38.9,40.22,38.9,40.08,3079
2024-12-10,43.75,45.335,43.3,45.01,17673
2024-12-11,46.07,49.88,46.07,49.88,10504
2024-12-12,48.64,49.35,47.66,47.77,6736
2024-12-16,48.95,51.19,48.22,49.97,9167
2024-12-17,50.73,52.32,49.3,49.34,10370
2024-12-19,47.645,47.645,45.87,46.11,5109
2024-12-26,48.92,49.43,48.69,48.91,3285
2024-12-27,48.42,48.42,46.48,47.43,6759
2024-12-30,45.77,47.21,45.77,47.01,7195
2025-01-02,46.28,46.63,44.86,45.64,8525
2025-01-08,47.11,48.91,47.11,47.81,6222
2025-01-10,47.805,48.38,46.02,46.82,11142
2025-01-13,45.24,46.22,44.58,46.12,5446
2025-01-21,50.28,51.55,49.49,49.55,8332
2025-01-23,49.7,50.6,48.46,49.45,7690
2025-01-27,46.63,48.82,46.04,46.3,5480
2025-01-29,48.04,48.53,47.28,48.01,5680
2025-01-30,49.64,50.91,49.125,50.69,13017
2025-01-31,51.27,52.84,51.27,52.3,9360
2025-02-03,50.33,52.01,50.2,50.79,21858
2025-02-04,51.79,53.715,51.67,53.41,42556
2025-02-05,45.13,46.24,43.88,45.6,67991
2025-02-06,44.34,45.78,44.34,45.69,22257
2025-02-07,45.0,45.38,41.71,42.69,43559
2025-02-10,43.53,43.91,43.07,43.14,14173
2025-02-11,42.35,43.31,42.28,42.63,7762
2025-02-12,41.38,42.29,41.38,41.71,12512
2025-02-13,41.74,42.97,41.65,42.97,15028
2025-02-14,42.19,42.94,42.09,42.47,6726
2025-02-18,42.55,42.67,40.9,41.76,20377
2025-02-19,42.02,42.48,41.78,42.42,7740
2025-02-20,42.1,42.23,41.34,42.12,11618
2025-02-21,42.18,42.18,39.65,39.795,13921
2025-02-24,40.91,41.09,39.5,39.66,16289
2025-02-25,38.7,39.3,37.65,37.9,30474
2025-02-26,37.5,38.19,36.3,36.75,28795
2025-02-27,37.2,37.46,34.79,34.89,23977
2025-02-28,34.895,35.68,34.3,35.68,28647
2025-03-03,36.275,36.82,33.83,34.11,36697
2025-03-04,33.96,36.765,33.95,35.8,54715
2025-03-05,36.15,37.035,35.13,36.7,27190
2025-03-06,35.72,37.46,35.72,36.35,23401
2025-03-07,36.38,37.39,35.64,37.09,18074
2025-03-11,33.74,34.03,31.89,32.95,30107
2025-03-12,34.22,34.36,32.76,34.19,23485
2025-03-13,33.32,33.59,32.19,32.35,18851
2025-03-14,32.7,33.57,32.39,33.56,12727
2025-03-17,33.49,33.64,32.74,32.94,16547
2025-03-18,32.55,32.8,29.93,31.36,24240
2025-03-19,31.88,33.49,31.65,32.74,22881
2025-03-20,31.67,33.08,31.67,32.27,11218
2025-03-21,31.68,32.77,31.68,32.73,14038
2025-03-24,33.65,34.24,33.31,34.13,15217
2025-03-26,34.52,34.71,32.79,32.87,16920
2025-03-27,32.86,32.86,31.65,31.74,11046
2025-03-28,31.12,31.48,28.43,28.61,50678
2025-03-31,28.27,28.94,27.33,28.69,12517
2025-04-01,28.47,29.96,28.47,29.58,20160
2025-04-02,28.86,30.0,28.86,29.55,20565
2025-04-03,27.275,27.88,27.09,27.16,23060
2025-04-04,26.28,27.17,25.27,25.29,46647
2025-04-07,23.74,27.63,23.73,25.68,74069
2025-04-08,27.15,27.6,24.52,25.03,45181
2025-04-09,25.12,29.97,24.72,29.91,42792
2025-04-10,29.0,29.24,26.56,27.5,29834
2025-04-11,27.71,29.17,27.66,29.06,20028
2025-04-14,30.14,30.73,29.31,29.8,16719
2025-04-15,29.95,29.95,28.47,28.82,11384
2025-04-16,27.78,28.59,27.01,27.63,13323
2025-04-17,27.92,27.92,25.98,26.84,13672
2025-04-21,25.97,25.97,25.1,25.67,5641
2025-04-22,26.2,27.11,25.94,26.91,13661
2025-04-23,28.33,29.0,27.82,28.31,22901
2025-04-24,28.8,29.79,28.58,29.67,24559
2025-04-25,31.76,31.94,30.38,30.7,26439
2025-04-28,31.02,31.02,29.44,30.18,8403
2025-04-29,29.47,30.17,28.98,29.94,17138
2025-04-30,28.93,29.53,28.19,29.43,10679
2025-05-01,30.175,30.59,29.55,30.29,12453
2025-05-02,31.155,31.7,30.59,31.38,10232
2025-05-05,31.61,31.84,31.39,31.42,3775
2025-05-06,30.5,31.45,30.3,31.14,7915
2025-05-07,31.23,31.35,25.23,26.51,154591
2025-05-08,27.65,28.1,27.1,27.51,35036
2025-05-09,27.43,27.62,26.78,26.95,48815
2025-05-12,28.7,29.13,28.2,28.94,19908
2025-05-13,28.775,29.68,28.15,29.35,25821
2025-05-14,29.4,32.06,29.38,31.49,43274
2025-05-15,31.78,31.78,30.37,30.89,21494
2025-05-16,32.18,32.85,31.63,31.75,19525
2025-05-19,31.0,31.84,31.0,31.84,16073
2025-05-20,31.495,32.57,30.5,30.9,33602
2025-05-21,30.79,34.29,30.79,32.585,36151
2025-05-22,34.05,35.73,33.43,33.46,39285
2025-05-23,32.69,33.03,32.28,32.46,22655
2025-05-27,33.29,34.27,33.19,34.18,18744
2025-05-28,34.87,35.05,33.79,33.95,12903
2025-05-29,34.59,34.61,33.31,33.73,14462
2025-05-30,33.52,33.83,32.0,33.64,25845
2025-06-02,32.73,32.9,32.13,32.6,14720
2025-06-03,31.48,32.33,31.19,31.5,36940
2025-06-04,32.12,32.25,31.6,32.22,13713
2025-06-05,32.88,33.15,32.09,32.24,19992
2025-06-06,33.31,34.57,33.31,34.31,16294
2025-06-09,34.95,35.47,34.7,35.34,10375
2025-06-10,35.46,37.23,34.89,36.33,27923
2025-06-11,36.78,37.03,35.62,35.8,16206
2025-06-12,35.25,35.46,34.79,35.08,10250
2025-06-13,33.985,35.58,33.97,34.64,15299
2025-06-16,34.745,35.53,34.745,35.48,16611
2025-06-17,35.23,35.68,34.69,35.16,12593
2025-06-18,35.2,35.32,34.08,34.11,15628
2025-06-20,34.22,34.42,31.0,31.47,29806
2025-06-23,31.255,31.71,29.76,30.885,184964
2025-06-24,31.18,31.76,31.03,31.26,27824
2025-06-25,32.31,33.29,32.2,32.71,20335
2025-06-26,33.44,33.77,32.43,33.71,12186
2025-06-27,33.9,35.675,33.2,35.63,27544
2025-06-30,36.58,36.6,34.12,34.75,258264
2025-07-01,34.41,34.62,33.68,34.59,126141
2025-07-02,34.48,35.73,34.32,35.63,126206
2025-07-03,35.76,36.0,35.02,35.9,84671
2025-07-07,35.77,35.77,34.43,34.83,51626
2025-07-08,35.1,35.1,33.3,33.91,135355
2025-07-09,34.14,35.85,33.41,34.73,100296
2025-07-10,34.495,35.45,34.0,35.13,39535
2025-07-11,34.83,36.6,34.74,36.12,42614
2025-07-14,36.87,37.53,35.94,36.67,49598
2025-07-15,37.115,37.71,36.76,36.815,109786
2025-07-16,37.35,37.76,36.92,37.17,15706
2025-07-17,36.64,37.61,36.26,37.425,66841
2025-07-18,38.25,38.53,37.49,38.0,26610
2025-07-21,38.51,40.15,38.51,40.12,68863
2025-07-22,40.03,40.73,39.0,40.61,69931
2025-07-23,40.425,40.46,39.69,40.15,51765
2025-07-24,42.86,43.19,40.515,40.9,70415
2025-07-25,40.82,41.8,40.52,41.34,76143
2025-07-28,41.495,41.5,40.32,41.02,149798
2025-07-29,41.09,42.42,40.9,42.39,215635
2025-07-30,42.28,43.13,42.03,42.68,40999
2025-07-31,42.355,42.355,40.34,40.71,91501
2025-08-01,39.41,40.075,38.95,39.46,45729
2025-08-04,40.15,41.97,40.15,41.89,19844
2025-08-05,41.92,43.12,41.45,41.74,65708
2025-08-06,41.94,42.53,41.35,42.305,48044
2025-08-07,42.725,42.82,41.65,42.52,18833
2025-08-08,43.35,45.11,43.2,44.63,94492
2025-08-11,44.24,44.6,43.6,44.4,52508
2025-08-12,44.53,45.82,44.43,45.43,47610
2025-08-13,45.795,45.91,42.93,44.78,52437
2025-08-14,44.79,45.84,44.5,45.22,59361
2025-08-15,45.66,46.74,44.72,45.6,39940
2025-08-18,45.715,46.13,45.04,45.42,11653
2025-08-19,44.96,45.02,43.9,44.54,19281
2025-08-20,43.94,44.1,42.49,43.55,16470
2025-08-21,43.75,44.695,43.64,43.76,20715
2025-08-22,45.215,47.41,44.39,46.44,39353
2025-08-25,46.46,48.36,46.42,47.57,38707
2025-08-26,47.05,47.1,46.34,46.92,21078
2025-08-27,46.86,47.65,46.57,47.04,14302
2025-08-28,46.965,49.16,46.965,48.96,35794
2025-08-29,48.57,50.12,48.54,49.45,33944
2025-09-02,47.47,48.82,46.42,48.7,14382
2025-09-03,55.8,57.77,54.95,57.51,67655
2025-09-04,56.86,58.41,55.46,58.38,18695
2025-09-05,58.62,60.12,58.26,59.71,24313
2025-09-08,60.24,61.35,59.16,59.33,12023
2025-09-09,59.37,62.56,59.31,62.13,73359
2025-09-10,61.76,63.07,61.23,61.94,48430
2025-09-11,61.5,63.44,60.48,62.56,27023
2025-09-12,62.37,63.3,61.34,62.66,29203
2025-09-15,64.86,68.55,64.85,68.36,108859
2025-09-16,68.53,68.64,67.22,67.99,104692
2025-09-17,67.98,68.02,65.67,67.24,17616
2025-09-18,68.31,69.36,67.29,68.49,16107
2025-09-19,69.21,70.55,68.43,69.91,34478
2025-09-22,69.96,70.0,67.83,68.56,28706
2025-09-23,68.66,68.82,67.19,67.75,6645
2025-09-24,67.94,67.94,65.015,65.31,21251
2025-09-25,63.775,65.01,62.08,64.63,20522
2025-09-26,65.17,66.2,64.75,64.97,12442
2025-09-29,65.44,67.33,63.04,63.69,20993
2025-09-30,62.45,63.24,61.19,63.16,19521
2025-10-01,61.7,64.78,61.01,64.09,19848
2025-10-02,63.99,64.94,62.76,64.4,22245
2025-10-03,62.96,64.75,62.48,64.24,16469
2025-10-06,64.02,67.38,63.88,66.91,24189
2025-10-07,65.52,66.55,64.31,64.33,16657
2025-10-08,63.79,64.28,63.4,63.69,7747
2025-10-09,63.43,63.53,60.94,62.08,49430
2025-10-10,62.06,63.32,59.18,59.51,105826
2025-10-13,61.29,63.44,61.28,63.3,31250
2025-10-14,61.74,64.82,61.63,64.07,142977
2025-10-15,65.015,67.41,64.34,66.92,59999
2025-10-16,67.27,69.8,66.47,67.05,37094
2025-10-17,66.77,68.46,65.16,68.02,15600
2025-10-20,68.74,70.11,68.63,69.8,17693
2025-10-21,68.64,68.64,63.04,66.42,110169
2025-10-22,68.205,69.48,65.86,67.0,39661
2025-10-23,68.11,68.61,67.23,67.72,17079
2025-10-24,69.6,72.28,69.0,71.46,27299
2025-10-27,74.02,76.82,73.86,76.62,34215
2025-10-28,76.7,77.12,74.97,75.52,49735
2025-10-29,75.74,79.9,75.74,79.57,88448
2025-10-30,88.35,89.05,82.695,83.49,51284
2025-10-31,84.72,85.18,80.81,83.27,36567
2025-11-03,83.395,85.61,82.6,84.69,32869
2025-11-04,80.55,83.08,80.325,80.84,23247
2025-11-05,82.005,86.05,81.01,84.93,86371
2025-11-06,85.44,87.17,83.12,85.08,84154
2025-11-07,84.15,84.375,79.4,81.62,21060
2025-11-10,84.84,88.41,83.99,88.14,53821
2025-11-11,86.72,89.1,86.43,88.79,29012
2025-11-12,88.75,88.75,84.32,86.07,18106
2025-11-13,83.04,83.36,80.29,81.04,13439
2025-11-14,77.14,81.0,76.72,79.71,55093
2025-11-17,85.125,89.805,83.92,84.55,69102
2025-11-18,86.395,86.87,80.84,84.4,69105
2025-11-19,86.05,95.63,85.99,89.31,92622
2025-11-20,96.175,97.44,86.99,87.1,90382
2025-11-21,91.49,95.5,89.84,93.28,57836
2025-11-24,100.12,105.43,99.75,104.99,87737
2025-11-25,110.22,111.5,104.45,108.25,73059
2025-11-26,106.5,108.58,103.97,105.9,49946
2025-11-28,107.5,110.1,103.735,105.76,31922
2025-12-01,104.105,105.63,101.65,102.05,23692
2025-12-02,103.74,104.44,101.8,102.46,14474
2025-12-03,104.09,106.43,101.81,105.45,16877
2025-12-04,106.66,106.66,102.42,103.9,10075
2025-12-05,105.31,107.07,105.08,106.08,9139
2025-12-08,104.525,105.14,99.96,101.45,17673
2025-12-09,100.75,104.06,100.34,103.54,12734
2025-12-10,100.08,103.29,99.55,102.67,15803
2025-12-11,102.79,102.79,95.45,97.76,28630
2025-12-12,98.35,98.94,93.35,95.62,21687
2025-12-15,95.99,95.99,93.18,94.79,15732
2025-12-16,92.15,96.25,91.53,93.86,24538
2025-12-17,92.95,92.95,87.65,87.88,42882
2025-12-18,91.06,92.09,89.68,91.14,23335
2025-12-19,90.81,93.99,90.31,93.99,22834
2025-12-22,95.64,95.79,93.23,95.59,17993
2025-12-23,95.27,98.34,95.13,97.95,20011
2025-12-24,98.28,98.28,96.64,97.83,10813
2025-12-26,97.72,97.92,96.65,97.24,26520
2025-12-29,96.155,97.54,95.68,97.31,13557
2025-12-30,97.27,99.44,97.25,97.45,14050
2025-12-31,96.22,97.84,96.0,96.92,12706
2026-01-02,100.31,102.59,95.36,98.25,22949
2026-01-05,100.21,100.29,97.85,99.09,25709
2026-01-06,99.0,101.47,96.06,97.54,75500
2026-01-07,98.535,104.82,98.53,102.2,21163
2026-01-08,105.16,106.5,102.35,104.46,11568
2026-01-09,105.62,107.83,105.62,106.98,13290
2026-01-12,104.43,109.12,104.39,108.66,22915
2026-01-13,109.965,114.015,109.785,111.09,12884
2026-01-14,110.225,111.45,107.725,111.06,13964
2026-01-15,111.93,111.93,107.97,108.91,8746
2026-01-16,109.4,109.45,105.83,107.2,8986
2026-01-20,101.52,105.33,100.92,101.72,16318
2026-01-21,101.44,108.31,100.74,105.93,27124
2026-01-26,106.0,110.44,105.81,108.67,15871
2026-01-27,109.46,111.69,109.2,109.71,15120
2026-01-28,109.91,111.38,108.0,110.69,8762
2026-01-29,113.6,114.91,104.7,111.94,19604
2026-01-30,109.04,113.06,108.78,111.89,10844
2026-02-02,110.97,116.08,110.39,115.55,36565
2026-02-03,118.34,118.6,111.53,112.95,20463
2026-02-04,115.145,115.145,105.67,108.61,37523
2026-02-05,94.05,107.94,91.225,107.54,63785
2026-02-06,104.815,106.57,99.96,101.86,41675
2026-02-09,99.92,104.46,99.52,102.67,15642
2026-02-10,100.7,100.7,96.535,98.92,18855
2026-02-11,99.56,99.955,93.4,93.99,29354
2026-02-12,94.5,97.2,92.18,92.94,31424
2026-02-13,91.625,92.51,89.91,90.805,28013
