Date,Open,High,Low,Close,Volume
2020-07-27,1182.0,1268.8,1182.0,1265.4,383
2020-07-29,1185.4,1185.4,1100.4,1103.0,150
2020-07-30,1103.8,1170.4,1101.0,1158.0,293
2020-07-31,1156.4,1156.4,1027.0,1066.2,522
2020-08-03,1101.2,1211.6,1101.2,1200.0,628
2020-08-04,1204.2,1204.2,1146.6,1193.0,285
2020-08-05,1230.4,1245.2,1194.6,1227.0,221
2020-08-06,1240.6,1240.6,1179.0,1200.2,208
2020-08-07,1204.0,1258.0,1182.8,1215.0,384
2020-08-10,1215.2,1224.0,1188.0,1203.6,185
2020-08-11,1149.4,1170.4,1055.8,1062.8,411
2020-08-12,1067.0,1072.2,1030.2,1069.6,277
2020-08-13,1090.8,1133.2,1090.8,1116.8,396
2020-08-14,1115.8,1115.8,1069.6,1083.8,238
2020-08-17,1085.2,1204.0,1084.6,1200.6,384
2020-08-21,1156.0,1156.0,1094.8,1111.8,272
2020-08-24,1108.4,1108.4,1021.2,1035.2,257
2020-08-25,1021.0,1084.8,995.3,1066.8,140
2020-08-27,1020.2,1024.2,983.2,1009.6,275
2020-08-31,1077.4,1134.0,1067.2,1122.6,385
2020-09-03,1054.8,1058.0,951.1,960.6,455
2020-09-04,960.2,960.2,807.8,927.0,296
2020-09-14,1007.2,1091.6,1007.0,1091.6,691
2020-09-15,1119.6,1150.0,1104.6,1123.7,333
2020-09-16,1145.8,1237.0,1145.8,1198.0,189
2020-09-21,1118.0,1165.6,1065.4,1099.4,652
2020-09-22,1098.6,1113.8,1021.6,1108.6,215
2020-09-23,1117.4,1117.4,1008.5,1008.5,433
2020-09-24,967.4,1016.8,933.0,983.2,746
2020-09-25,997.8,1057.0,975.4,1051.9,231
2020-09-29,1045.4,1091.2,1038.6,1081.8,150
2020-09-30,1097.0,1122.2,1056.8,1072.6,201
2020-10-02,1067.4,1106.5,1029.2,1043.5,568
2020-10-05,1104.6,1192.7,1104.6,1191.9,344
2020-10-06,1206.0,1233.4,1148.3,1164.8,408
2020-10-13,1353.2,1407.2,1349.0,1391.4,286
2020-10-14,1390.6,1401.0,1308.6,1308.8,385
2020-10-15,1252.6,1329.6,1240.6,1325.2,235
2020-10-19,1354.2,1354.2,1248.4,1252.4,285
2020-10-20,1279.1,1287.8,1200.0,1211.2,490
2020-10-21,1181.0,1191.2,1122.8,1124.2,402
2020-10-22,1171.4,1210.2,1156.6,1207.8,255
2020-10-26,1194.8,1234.4,1140.7,1180.0,160
2020-10-28,1145.4,1162.6,1100.4,1124.2,649
2020-10-29,1123.8,1167.4,1085.8,1163.4,925
2020-10-30,1121.6,1129.4,1047.0,1073.2,549
2020-11-04,1234.6,1408.3,1234.6,1385.3,597
2020-11-05,1382.8,1396.1,1338.6,1381.0,282
2020-11-06,1327.2,1335.2,1262.8,1280.8,194
2020-11-09,1313.0,1374.2,1286.4,1319.8,325
2020-11-10,1253.8,1354.2,1251.6,1336.6,246
2020-11-11,1356.0,1394.2,1332.6,1393.0,421
2020-11-12,1403.8,1455.6,1362.3,1391.7,175
2020-11-13,1434.2,1461.0,1430.4,1447.0,171
2020-12-01,1780.0,1835.5,1717.0,1732.2,176
2020-12-09,2020.6,2051.2,1804.4,1881.0,320
2020-12-11,2149.4,2164.6,2034.2,2081.8,146
2020-12-14,2290.8,2415.8,2256.8,2261.0,261
2020-12-18,2307.7,2364.0,2262.6,2337.0,145
2020-12-22,2505.4,2584.0,2455.4,2536.0,251
2020-12-29,2226.2,2226.2,2022.2,2061.0,348
2021-01-04,2042.6,2060.6,1930.6,2001.2,190
2021-01-06,2001.8,2198.8,1988.6,2111.4,388
2021-01-07,2167.9,2379.8,2167.9,2379.8,398
2021-01-08,2352.0,2493.6,2268.4,2399.2,397
2021-01-14,2409.5,2575.6,2409.5,2548.4,246
2021-01-15,2559.8,2652.2,2459.4,2491.2,275
2021-01-20,2681.4,2700.6,2591.4,2623.0,120
2021-01-21,2609.6,2609.6,2415.6,2444.4,203
2021-01-22,2417.0,2552.4,2370.0,2508.0,187
2021-01-25,2615.6,2741.6,2480.8,2741.6,418
2021-01-26,2764.6,2816.2,2570.0,2586.8,248
2021-01-27,2484.7,2814.2,2399.6,2497.6,358
2021-01-28,2640.2,2640.2,2435.7,2463.6,165
2021-01-29,2605.6,2690.0,2455.2,2533.0,356
2021-02-01,2720.6,2875.2,2625.6,2875.2,182
2021-02-03,2980.0,3018.8,2900.0,2949.8,190
2021-02-08,3319.6,3668.0,3319.6,3668.0,253
2021-02-09,3642.2,3696.8,3509.6,3551.2,205
2021-02-10,3656.8,3683.4,3160.8,3287.1,359
2021-02-11,3312.2,3354.2,3073.4,3142.2,196
2021-02-12,3115.6,3190.4,3029.8,3060.8,178
2021-02-16,3127.6,3127.6,2806.8,2834.8,325
2021-02-18,2745.8,2764.6,2605.2,2649.6,507
2021-02-19,2782.6,2887.0,2754.6,2768.0,215
2021-02-22,2707.6,2780.6,2514.0,2530.2,185
2021-02-23,2270.2,2456.2,2056.8,2358.0,964
2021-02-25,2488.0,2516.0,2139.0,2179.4,341
2021-02-26,2208.4,2315.2,2014.8,2209.2,712
2021-03-01,2285.8,2394.9,2285.8,2371.2,165
2021-03-02,2340.2,2340.2,2149.2,2149.2,282
2021-03-03,2130.0,2139.4,1845.6,1854.4,453
2021-03-04,1785.4,1899.4,1575.1,1657.4,708
2021-03-05,1628.6,1785.8,1410.4,1785.8,1068
2021-03-08,1790.4,1892.4,1636.0,1640.6,582
2021-03-09,1780.6,1924.6,1780.0,1867.0,618
2021-03-10,1979.2,2017.8,1858.4,1870.2,615
2021-03-11,2003.8,2096.9,1975.6,2089.6,320
2021-03-12,1977.4,2074.1,1976.0,2074.1,264
2021-03-15,2067.6,2157.2,2056.6,2114.0,208
2021-03-16,2167.2,2186.8,1930.3,2058.0,323
2021-03-17,1924.6,2145.8,1917.4,2104.2,330
2021-03-18,2039.2,2065.6,1808.4,1826.8,393
2021-03-19,1865.6,1988.3,1851.6,1986.8,416
2021-03-22,2031.0,2108.2,1989.4,2061.2,202
2021-03-23,1968.2,1968.2,1682.0,1712.4,1571
2021-03-24,1754.6,1754.6,1445.6,1449.4,953
2021-03-25,1372.6,1564.2,1364.6,1560.0,281
2021-03-26,1547.6,1582.2,1380.0,1492.6,465
2021-03-29,1484.4,1494.0,1361.6,1365.2,529
2021-03-30,1322.2,1431.6,1273.2,1393.0,395
2021-03-31,1435.2,1590.4,1435.2,1573.6,454
2021-04-01,1619.2,1710.0,1591.0,1610.8,454
2021-04-05,1677.8,1694.0,1624.2,1670.6,263
2021-04-06,1659.8,1660.0,1535.6,1542.0,296
2021-04-07,1505.6,1548.0,1435.4,1435.4,230
2021-04-08,1491.6,1507.6,1439.0,1439.0,200
2021-04-09,1421.0,1425.2,1349.8,1373.6,430
2021-04-12,1361.4,1362.0,1254.6,1278.6,623
2021-04-14,1381.8,1504.4,1378.8,1441.8,514
2021-04-15,1525.2,1538.2,1469.2,1488.2,269
2021-04-16,1484.6,1484.6,1370.8,1417.6,590
2021-04-19,1380.0,1429.8,1297.0,1321.0,346
2021-04-20,1297.4,1366.6,1244.0,1316.0,352
2021-04-21,1312.0,1430.0,1287.6,1427.8,403
2021-04-22,1455.0,1585.6,1387.6,1514.2,641
2021-04-23,1506.8,1544.6,1484.2,1494.4,325
2021-04-26,1525.8,1661.0,1512.2,1656.8,379
2021-04-27,1683.6,1713.0,1634.0,1658.8,509
2021-04-28,1606.6,1720.1,1600.0,1681.2,341
2021-04-29,1685.2,1692.4,1566.8,1599.6,507
2021-04-30,1567.8,1657.0,1559.6,1565.0,252
2021-05-03,1614.8,1618.0,1510.0,1523.2,242
2021-05-04,1469.2,1474.2,1320.0,1330.4,752
2021-05-05,1364.8,1375.0,1253.2,1267.0,906
2021-05-06,1241.5,1241.5,1133.8,1207.8,1251
2021-05-07,1253.0,1308.6,1247.8,1273.4,567
2021-05-10,1236.8,1236.8,1133.2,1133.2,460
2021-05-11,1024.6,1220.0,1024.6,1190.8,598
2021-05-12,1138.2,1253.2,1138.2,1167.2,506
2021-05-13,1201.4,1206.6,1048.6,1109.6,645
2021-05-14,1143.8,1248.8,1123.6,1233.2,873
2021-05-18,1232.8,1326.4,1228.6,1249.2,440
2021-05-19,1173.6,1224.6,1147.6,1160.4,543
2021-05-20,1205.6,1270.6,1181.2,1243.0,365
2021-05-21,1278.4,1287.6,1245.8,1266.0,197
2021-05-24,1226.4,1260.2,1180.0,1197.4,180
2021-05-28,1291.2,1352.8,1252.0,1252.0,250
2021-06-01,1252.0,1273.4,1204.4,1215.4,208
2021-06-02,1249.6,1251.0,1188.4,1239.0,251
2021-06-03,1234.4,1234.4,1175.1,1225.6,230
2021-06-07,1229.4,1427.8,1229.4,1385.4,1032
2021-06-08,1431.3,1454.2,1309.0,1421.6,562
2021-06-09,1447.8,1502.2,1427.2,1449.6,627
2021-06-10,1417.4,1507.2,1412.0,1495.2,381
2021-06-15,1493.0,1508.4,1392.6,1405.6,444
2021-06-16,1422.2,1432.4,1320.0,1417.6,426
2021-06-17,1393.5,1468.6,1377.0,1440.4,321
2021-06-18,1411.4,1423.0,1363.2,1415.4,290
2021-06-22,1454.0,1457.4,1362.4,1413.2,799
2021-06-23,1411.6,1457.8,1392.2,1432.0,384
2021-06-24,1473.2,1528.6,1472.0,1523.0,302
2021-06-25,1528.6,1576.8,1511.2,1576.8,307
2021-06-28,1645.4,1665.6,1547.2,1560.4,382
2021-06-30,1464.0,1525.8,1412.6,1479.4,330
2021-07-01,1517.2,1564.0,1465.2,1564.0,315
2021-07-02,1545.6,1553.4,1481.1,1524.0,224
2021-07-06,1493.2,1493.2,1404.2,1407.8,558
2021-07-07,1420.8,1422.6,1288.4,1331.4,513
2021-07-08,1246.4,1368.9,1244.6,1336.6,463
2021-07-09,1369.0,1408.4,1336.4,1408.4,353
2021-07-12,1416.8,1419.4,1345.2,1349.6,261
2021-07-13,1329.8,1329.8,1279.6,1302.8,489
2021-07-14,1275.6,1276.6,1173.4,1173.4,861
2021-07-15,1163.2,1188.8,1110.4,1172.4,681
2021-07-16,1177.8,1216.0,1147.8,1162.4,419
2021-07-19,1121.8,1218.4,1117.8,1188.6,260
2021-07-20,1173.6,1255.2,1171.0,1252.8,453
2021-07-21,1256.2,1291.2,1209.2,1279.4,472
2021-07-22,1271.0,1281.2,1225.4,1227.4,374
2021-07-23,1213.6,1222.8,1155.8,1186.6,383
2021-07-26,1179.8,1205.4,1123.8,1123.8,472
2021-07-27,1114.8,1114.8,1021.9,1087.6,637
2021-07-28,1114.4,1211.6,1114.4,1199.6,423
2021-07-29,1200.2,1232.8,1140.2,1140.2,459
2021-08-03,1095.0,1121.4,1070.2,1121.4,237
2021-08-05,1136.4,1256.6,1136.4,1256.6,570
2021-08-11,1154.0,1156.8,1111.8,1140.2,260
2021-08-13,1180.3,1190.4,1117.8,1118.0,272
2021-08-16,1082.8,1082.8,1032.8,1046.8,529
2021-08-17,1006.0,1088.6,1006.0,1088.6,341
2021-08-18,1067.6,1104.2,1030.4,1032.6,611
2021-08-19,1002.4,1025.6,961.4,961.4,341
2021-08-20,965.6,1048.6,965.6,1038.6,296
2021-08-23,1079.2,1181.4,1079.2,1179.4,562
2021-08-26,1213.8,1251.6,1190.8,1205.0,326
2021-08-27,1216.6,1322.0,1201.8,1299.4,640
2021-09-01,1340.4,1398.0,1334.0,1390.2,261
2021-09-02,1389.6,1437.4,1389.6,1437.4,354
2021-09-07,1370.8,1412.4,1315.8,1347.2,399
2021-09-08,1344.6,1344.6,1269.0,1311.2,212
2021-09-09,1284.6,1377.0,1284.6,1330.8,212
2021-09-13,1240.2,1327.8,1221.2,1274.8,269
2021-09-15,1207.4,1266.6,1207.4,1248.8,409
2021-09-16,1242.6,1262.4,1201.0,1262.2,319
2021-09-17,1244.2,1330.2,1228.6,1328.0,365
2021-09-20,1217.0,1279.6,1155.4,1188.8,514
2021-09-22,1250.8,1278.4,1224.4,1254.2,176
2021-09-23,1251.4,1319.8,1246.0,1319.8,359
2021-09-24,1296.8,1296.8,1235.6,1242.4,383
2021-09-28,1224.6,1225.8,1157.6,1157.6,432
2021-09-29,1181.0,1191.2,1096.0,1097.2,749
2021-10-01,1087.8,1125.2,1020.8,1106.9,597
2021-10-04,1075.2,1087.8,1036.4,1040.6,278
2021-10-08,1067.4,1067.4,1027.6,1033.0,275
2021-10-15,1162.6,1162.6,1079.8,1080.2,346
2021-10-21,1057.0,1071.6,1039.0,1047.4,204
2021-10-22,1037.4,1053.4,1000.6,1053.4,327
2021-10-25,1049.2,1075.4,1037.8,1060.4,292
2021-10-29,1087.8,1108.6,1062.0,1062.0,173
2021-11-03,1214.0,1319.6,1212.8,1319.6,181
2021-11-04,1296.4,1321.8,1253.2,1282.2,216
2021-11-22,950.6,976.6,916.6,919.6,219
2021-11-23,915.2,922.2,831.5,922.2,239
2021-11-26,924.2,943.4,818.8,851.8,382
2021-12-01,850.2,887.5,762.1,762.1,419
2021-12-02,786.6,803.6,738.4,803.6,321
2021-12-03,793.6,793.6,683.4,694.4,1003
2021-12-07,759.0,829.6,759.0,800.8,278
2021-12-14,677.2,698.9,655.0,672.6,357
2021-12-15,669.8,761.8,641.9,761.8,472
2021-12-16,769.8,772.0,684.2,700.2,298
2021-12-17,695.8,808.4,694.8,807.6,198
2021-12-20,754.6,826.2,747.2,819.7,423
2021-12-27,827.2,827.2,781.2,782.6,438
2021-12-29,737.0,742.8,715.6,732.6,541
2021-12-30,735.4,791.5,729.8,745.8,762
2022-01-03,718.6,786.6,703.4,786.2,625
2022-01-04,776.2,782.6,681.8,706.6,604
2022-01-05,699.2,717.8,586.4,587.8,1279
2022-01-06,579.8,613.0,547.4,584.2,736
2022-01-10,533.2,551.2,503.1,551.2,1191
2022-01-12,569.2,569.2,510.6,511.9,395
2022-01-13,512.2,516.4,468.2,468.6,728
2022-01-14,463.2,506.6,440.0,506.6,822
2022-01-18,472.6,478.0,412.4,413.4,667
2022-01-19,429.0,446.2,400.3,400.3,586
2022-01-21,388.5,394.6,356.6,356.6,926
2022-01-24,334.2,382.5,303.2,382.4,2002
2022-01-25,363.2,387.7,343.6,372.5,690
2022-01-26,390.2,409.8,346.8,355.2,470
2022-01-28,311.8,336.2,290.4,336.2,1030
2022-01-31,339.0,390.6,339.0,390.6,531
2022-02-02,400.6,400.9,364.2,366.6,1237
2022-02-03,345.2,367.7,336.8,340.4,925
2022-02-04,343.6,364.4,329.8,354.0,888
2022-02-07,355.8,392.1,355.8,383.0,998
2022-02-08,378.2,380.2,356.8,378.0,578
2022-02-09,394.6,432.4,394.6,431.8,365
2022-02-10,400.6,455.4,380.0,394.4,1487
2022-02-11,404.1,423.7,370.4,381.6,847
2022-02-14,369.6,380.0,359.8,362.1,250
2022-02-16,394.0,402.3,377.0,394.2,684
2022-02-18,343.8,346.0,321.8,330.2,2726
2022-02-22,318.8,344.6,316.0,322.8,1676
2022-02-23,322.8,322.8,283.2,283.3,3188
2022-02-24,253.0,323.0,252.6,321.0,2359
2022-02-25,321.6,328.8,302.0,328.1,887
2022-02-28,322.0,346.7,318.1,332.0,2071
2022-03-01,341.5,346.0,315.4,321.0,3034
2022-03-02,328.1,333.2,312.6,324.6,1784
2022-03-03,327.8,327.8,286.6,295.4,1869
2022-03-04,290.6,297.9,265.2,267.6,3178
2022-03-07,269.8,281.4,264.2,266.6,3067
2022-03-08,260.6,297.2,249.2,272.2,4023
2022-03-09,292.9,316.0,292.9,312.9,3581
2022-03-10,299.0,307.4,288.2,306.3,1742
2022-03-11,313.7,316.7,273.0,273.1,1617
2022-03-14,270.4,275.1,231.0,236.9,4117
2022-03-15,241.2,247.4,233.2,245.8,1400
2022-03-16,258.6,283.2,248.8,283.2,2795
2022-03-17,276.4,316.8,276.4,316.8,4569
2022-03-18,313.7,349.4,313.7,343.9,2572
2022-03-21,337.2,337.2,303.6,308.1,1068
2022-03-22,315.7,344.1,312.2,341.1,3972
2022-03-23,335.8,351.0,316.0,316.0,2084
2022-03-24,324.6,336.3,308.0,336.3,2271
2022-03-25,318.6,326.6,309.0,311.2,1469
2022-03-28,327.0,327.0,292.8,312.3,2638
2022-03-29,323.8,356.1,323.8,352.6,1240
2022-03-30,355.3,363.6,317.1,319.4,2738
2022-03-31,324.2,332.4,311.8,311.8,820
2022-04-01,318.0,347.0,318.0,346.4,1706
2022-04-04,354.8,380.5,348.8,376.4,2944
2022-04-05,378.0,386.0,341.8,343.3,1717
2022-04-06,331.4,356.6,324.0,345.8,3602
2022-04-07,351.8,354.4,320.4,333.6,2216
2022-04-08,334.0,335.2,310.0,312.4,3169
2022-04-11,304.7,304.7,278.0,280.3,3729
2022-04-12,293.2,304.7,270.8,279.4,2446
2022-04-13,289.1,314.6,288.7,311.0,1655
2022-04-14,305.0,305.0,281.7,282.3,2429
2022-04-18,278.2,278.2,240.7,243.2,5539
2022-04-19,245.0,262.4,236.6,251.3,2954
2022-04-20,247.1,260.6,238.6,253.0,2650
2022-04-21,259.9,259.9,220.4,220.9,4403
2022-04-22,221.8,226.2,208.8,209.7,3520
2022-04-25,209.7,224.4,206.8,223.5,2021
2022-04-26,219.1,222.8,183.4,183.5,3041
2022-04-27,189.4,192.1,175.9,177.7,3410
2022-04-28,183.0,184.2,155.1,179.3,4655
2022-04-29,178.3,191.6,161.8,162.5,2844
2022-05-02,161.6,182.9,161.1,182.7,2818
2022-05-03,181.1,191.4,175.8,182.5,3388
2022-05-04,176.6,197.4,160.1,194.7,5388
2022-05-05,185.3,188.9,150.3,159.4,5395
2022-05-06,150.7,150.8,133.1,135.5,5658
2022-05-09,126.8,132.4,100.4,101.9,8940
2022-05-10,118.2,124.5,105.7,117.5,16067
2022-05-11,111.4,119.6,91.2,92.0,10874
2022-05-12,89.8,106.2,88.4,100.5,10915
2022-05-13,109.4,122.5,107.2,118.6,7580
2022-05-16,116.3,128.4,113.1,117.8,7726
2022-05-17,127.8,133.6,122.0,133.6,9185
2022-05-18,122.6,127.4,110.2,113.8,12337
2022-05-19,113.0,124.1,112.0,120.6,3725
2022-05-20,128.0,128.0,108.8,126.1,4566
2022-05-23,128.6,132.4,122.2,124.5,6753
2022-05-24,117.0,119.0,108.7,110.3,4238
2022-05-25,109.8,115.0,104.0,111.5,5618
2022-05-26,111.4,119.9,111.4,115.8,3281
2022-05-27,113.6,128.4,108.8,128.4,7273
2022-05-31,126.1,126.1,110.4,116.1,5482
2022-06-01,120.1,122.6,103.8,110.4,4912
2022-06-02,108.8,116.8,104.6,115.5,3733
2022-06-03,117.4,129.4,117.4,128.3,6613
2022-06-06,131.3,131.8,115.0,117.4,7441
2022-06-07,115.6,134.6,114.5,133.9,6087
2022-06-08,135.4,145.4,134.0,137.5,10377
2022-06-09,129.4,136.6,121.0,121.6,7513
2022-06-10,114.4,115.8,102.2,104.9,9574
2022-06-13,95.0,96.5,84.2,87.2,5751
2022-06-14,89.4,89.8,82.4,86.7,5543
2022-06-15,89.4,99.5,87.8,96.6,7394
2022-06-16,89.0,89.7,81.4,89.0,10481
2022-06-17,92.6,109.4,92.5,104.6,23040
2022-06-21,110.4,123.3,110.4,116.0,7300
2022-06-22,116.2,129.9,114.2,123.9,7473
2022-06-23,129.8,147.0,125.0,147.0,8098
2022-06-24,151.6,154.8,135.8,151.4,38135
2022-06-27,150.0,154.8,140.6,150.2,5891
2022-06-28,149.4,151.4,130.4,134.1,4553
2022-06-29,131.1,140.8,128.0,137.4,5712
2022-06-30,131.8,140.2,125.6,134.6,8882
2022-07-01,136.8,147.8,132.8,147.2,9325
2022-07-05,142.0,172.9,139.6,172.9,10299
2022-07-06,174.0,186.0,168.2,172.8,12560
2022-07-07,175.0,193.4,175.0,188.8,6627
2022-07-08,180.0,196.2,180.0,195.2,6202
2022-07-11,193.8,193.8,168.5,168.9,5148
2022-07-12,171.4,179.9,153.6,176.7,5008
2022-07-13,162.8,190.6,162.4,185.5,5988
2022-07-14,181.7,181.7,168.2,172.4,3775
2022-07-15,178.0,178.8,162.8,178.8,6200
2022-07-18,186.2,192.8,159.8,162.3,5829
2022-07-19,169.4,184.4,163.9,184.0,5330
2022-07-20,185.4,204.0,182.8,191.4,10896
2022-07-21,190.0,195.4,183.6,188.8,3884
2022-07-22,189.4,192.2,164.9,165.2,6463
2022-07-25,158.6,168.8,158.6,167.3,6748
2022-07-26,165.9,179.8,159.2,169.1,4584
2022-07-27,172.6,184.0,165.8,182.6,3914
2022-07-28,185.0,185.0,163.4,176.1,5801
2022-07-29,172.2,172.2,161.2,167.5,3754
2022-08-01,165.0,171.8,154.5,156.8,7736
2022-08-02,153.7,171.2,153.7,166.5,11973
2022-08-03,178.6,193.7,178.6,184.9,7023
2022-08-04,195.6,216.8,195.6,216.2,6255
2022-08-05,200.0,241.7,197.3,241.7,6551
2022-08-08,251.2,263.2,239.4,254.6,8914
2022-08-09,239.6,249.6,216.4,228.5,4596
2022-08-10,244.2,252.0,235.5,251.4,3575
2022-08-11,254.4,262.5,222.8,226.9,4751
2022-08-12,234.4,251.8,232.2,249.5,5102
2022-08-15,245.8,259.7,242.1,258.4,1915
2022-08-16,248.4,252.1,233.4,238.2,3385
2022-08-17,226.5,229.4,213.2,216.8,4091
2022-08-18,212.6,214.1,200.4,211.3,5168
2022-08-19,203.6,204.7,196.5,199.8,3055
2022-08-22,193.0,202.8,186.4,190.2,3962
2022-08-23,196.0,207.6,187.4,202.4,4326
2022-08-24,197.8,220.1,197.8,216.0,5069
2022-08-25,214.5,219.9,208.0,213.6,3317
2022-08-26,205.4,208.2,180.0,182.2,3304
2022-08-29,174.2,186.8,174.0,175.1,4374
2022-08-30,177.2,178.0,163.2,170.2,4617
2022-08-31,179.2,179.8,170.3,174.2,4064
2022-09-01,164.4,185.5,163.8,185.3,4600
2022-09-02,188.9,191.9,170.0,173.0,7394
2022-09-06,166.1,169.4,157.2,157.3,4858
2022-09-07,159.2,178.8,159.2,178.6,4120
2022-09-08,176.4,194.8,175.7,194.5,6034
2022-09-09,194.4,203.9,194.4,198.3,5430
2022-09-12,200.2,203.5,191.9,203.2,4261
2022-09-13,186.2,190.2,169.0,171.6,4820
2022-09-14,174.4,179.8,166.3,176.6,2564
2022-09-15,174.3,189.4,174.1,184.2,3230
2022-09-16,175.8,175.8,159.5,165.8,4143
2022-09-19,160.7,163.1,148.7,159.1,14022
2022-09-20,160.5,162.8,153.0,158.1,4035
2022-09-21,152.6,161.6,141.2,141.7,4350
2022-09-22,138.2,139.5,130.0,135.7,4319
2022-09-23,132.5,132.5,120.1,128.3,6625
2022-09-26,127.4,135.8,120.1,120.1,6847
2022-09-27,127.6,134.3,125.0,130.6,69669
2022-09-28,140.2,153.4,139.2,150.6,11392
2022-09-29,146.4,146.8,130.9,137.6,11482
2022-09-30,137.4,154.4,137.4,140.8,6283
2022-10-03,146.7,150.6,137.3,142.8,19135
2022-10-04,153.6,159.7,150.9,159.7,12127
2022-10-05,155.8,160.8,145.2,157.6,4271
2022-10-06,155.0,161.9,152.8,157.4,6097
2022-10-07,149.6,151.4,136.4,137.0,4966
2022-10-10,136.4,136.6,126.8,129.2,5487
2022-10-11,130.8,142.0,123.4,132.5,6333
2022-10-12,132.4,136.5,125.4,135.1,4956
2022-10-13,123.8,143.2,122.8,142.0,15018
2022-10-14,146.8,150.4,129.2,129.6,5192
2022-10-17,136.6,145.7,134.4,144.2,4616
2022-10-18,153.0,155.8,142.0,146.0,7204
2022-10-19,141.6,141.6,122.0,123.9,7954
2022-10-20,125.9,133.3,121.4,122.6,7499
2022-10-21,124.4,133.2,119.5,132.7,15328
2022-10-24,132.6,132.8,121.9,131.0,5781
2022-10-25,134.9,144.7,134.6,141.0,14879
2022-10-26,143.8,160.0,143.8,148.4,8568
2022-10-27,154.8,154.8,141.0,143.0,6577
2022-10-28,140.6,158.3,140.6,157.4,7080
2022-10-31,152.3,157.8,147.2,148.5,3883
2022-11-01,152.6,158.4,150.4,152.5,4791
2022-11-02,150.5,164.0,143.4,143.4,7249
2022-11-03,135.6,148.7,134.8,140.2,3661
2022-11-04,146.4,147.2,127.0,134.8,9004
2022-11-07,137.6,138.2,130.8,132.4,3993
2022-11-08,135.5,142.6,131.2,135.7,7896
2022-11-09,133.2,133.2,122.3,122.3,4308
2022-11-10,138.4,152.0,136.0,149.9,8691
2022-11-11,148.8,163.7,147.8,159.2,6512
2022-11-14,158.3,165.9,155.2,155.2,8641
2022-11-15,166.2,168.0,148.0,153.6,93621
2022-11-16,153.0,155.2,140.0,140.7,6648
2022-11-17,134.6,139.0,130.2,134.9,5502
2022-11-18,141.6,142.4,135.4,138.2,5128
2022-11-21,134.0,136.4,130.6,132.0,3015
2022-11-22,133.6,138.2,126.8,137.8,8127
2022-11-23,138.4,143.1,134.4,137.4,8447
2022-11-25,134.2,139.0,133.2,137.8,5888
2022-11-28,137.2,141.7,129.2,130.5,5235
2022-11-29,131.4,136.0,130.2,132.1,2854
2022-11-30,137.6,150.8,134.0,150.3,12605
2022-12-01,150.2,152.1,143.8,147.6,2899
2022-12-02,142.6,161.8,141.0,161.0,4026
2022-12-05,159.4,159.4,140.6,145.0,3157
2022-12-06,139.9,141.4,131.2,133.2,4014
2022-12-07,136.8,138.2,132.4,135.6,2374
2022-12-08,136.5,140.8,131.0,137.9,4471
2022-12-09,135.5,136.1,127.6,127.6,3836
2022-12-12,127.5,137.4,124.6,136.9,5185
2022-12-13,148.4,149.2,135.6,143.6,11674
2022-12-14,142.9,150.2,139.2,145.0,5263
2022-12-15,139.7,141.4,131.2,132.1,7618
2022-12-16,129.4,134.8,125.5,134.2,11708
2022-12-19,139.3,139.6,122.9,125.2,11353
2022-12-20,122.8,133.6,122.8,132.2,4016
2022-12-21,133.8,144.6,130.4,140.6,8173
2022-12-22,138.1,142.0,132.0,142.0,2922
2022-12-23,140.3,142.8,129.0,131.8,5325
2022-12-27,131.2,132.2,120.4,120.7,6238
2022-12-28,120.9,125.8,118.6,121.9,13880
2022-12-29,125.3,142.1,122.8,137.6,126463
2022-12-30,133.7,141.2,130.6,141.2,10516
2023-01-03,145.4,146.2,131.0,133.7,7964
2023-01-04,137.4,143.0,135.2,141.9,6793
2023-01-05,138.7,140.4,134.9,138.4,3089
2023-01-06,137.4,145.2,131.5,141.2,11902
2023-01-09,144.6,144.6,132.2,132.9,21023
2023-01-10,132.5,143.5,132.5,143.4,15251
2023-01-11,143.4,147.2,137.4,146.6,9869
2023-01-12,147.7,165.4,142.0,165.4,14215
2023-01-13,161.5,175.0,156.4,165.2,141581
2023-01-17,164.4,165.0,156.6,159.5,9090
2023-01-18,162.5,170.6,153.4,153.6,12194
2023-01-19,151.8,153.9,145.4,148.7,8056
2023-01-20,152.0,157.9,147.6,156.9,8231
2023-01-23,156.2,162.2,152.8,159.1,9222
2023-01-24,158.1,170.8,155.7,168.2,11653
2023-01-25,162.4,167.6,157.8,167.6,5631
2023-01-26,171.4,173.6,160.8,165.8,8365
2023-01-27,165.4,173.3,165.0,170.1,4856
2023-01-30,166.8,167.8,154.0,157.2,8047
2023-01-31,159.3,168.1,159.3,167.6,4133
2023-02-01,167.3,177.2,161.2,171.8,9216
2023-02-02,176.6,187.8,173.0,184.4,11071
2023-02-03,176.1,184.2,172.4,174.7,5940
2023-02-06,171.9,176.8,167.4,170.9,5083
2023-02-07,170.3,174.6,162.3,174.1,5318
2023-02-08,172.2,172.2,155.2,155.6,7816
2023-02-09,160.2,161.9,149.0,149.9,8946
2023-02-10,148.7,149.8,142.4,147.0,5655
2023-02-13,147.3,151.2,140.9,147.2,15919
2023-02-14,144.7,153.6,141.8,148.6,4775
2023-02-15,146.0,149.4,143.0,149.4,5068
2023-02-16,147.0,149.4,142.0,143.0,3788
2023-02-17,141.0,154.1,140.0,152.5,4026
2023-02-21,148.6,148.8,131.6,132.0,14426
2023-02-22,133.6,137.4,132.1,135.9,3979
2023-02-23,138.0,138.4,129.2,134.8,4676
2023-02-24,129.8,130.3,124.6,125.1,3460
2023-02-27,129.2,131.6,126.7,127.8,3751
2023-02-28,127.1,133.2,126.9,131.6,3052
2023-03-01,130.9,135.2,130.0,132.3,2590
2023-03-02,128.7,130.8,126.0,129.0,2638
2023-03-03,129.7,137.0,127.6,134.2,2396
2023-03-06,135.6,135.8,124.8,127.4,5835
2023-03-07,126.4,132.0,126.4,126.8,3649
2023-03-08,124.8,125.8,120.6,123.6,2880
2023-03-09,123.8,124.8,109.9,111.8,39182
2023-03-10,110.6,110.6,91.6,99.0,27304
2023-03-13,98.6,110.4,98.4,107.4,10212
2023-03-14,113.2,115.6,108.0,111.2,35619
2023-03-15,107.0,110.2,103.4,107.5,10647
2023-03-16,104.6,111.3,99.4,108.3,7899
2023-03-17,102.2,104.8,98.4,101.2,3829
2023-03-20,101.0,103.6,98.4,102.4,2659
2023-03-21,103.6,103.8,98.8,98.8,3084
2023-03-22,97.0,97.5,88.4,88.5,4817
2023-03-23,91.4,94.4,86.0,90.2,6154
2023-03-24,88.7,92.2,85.4,91.1,3845
2023-03-27,93.0,96.3,92.8,94.3,7942
2023-03-28,96.1,96.5,92.2,92.3,3616
2023-03-29,95.4,99.5,93.6,99.3,5162
2023-03-30,99.2,100.4,90.7,93.0,43151
2023-03-31,94.0,99.6,94.0,98.4,4697
2023-04-03,100.0,103.1,98.8,101.8,4580
2023-04-04,101.2,101.2,92.8,95.6,7319
2023-04-05,93.8,98.0,92.8,94.9,4777
2023-04-06,94.3,100.0,93.2,98.9,5013
2023-04-10,98.1,98.1,94.6,96.4,9442
2023-04-11,97.1,100.6,97.1,99.4,4119
2023-04-12,102.4,102.8,95.4,95.6,5029
2023-04-13,96.6,110.4,96.6,108.9,9586
2023-04-14,107.0,108.8,100.2,103.5,7097
2023-04-17,108.4,118.8,108.0,117.9,10512
2023-04-18,120.4,120.4,112.4,115.6,8651
2023-04-19,114.0,121.6,112.4,119.6,4425
2023-04-20,116.2,116.9,111.8,112.9,6347
2023-04-21,112.8,121.0,112.8,120.0,5406
2023-04-24,120.0,120.0,112.6,116.7,7616
2023-04-25,115.0,119.0,109.1,111.1,4632
2023-04-26,111.2,112.8,105.0,108.2,5042
2023-04-27,107.7,108.8,103.6,105.4,4758
2023-04-28,105.2,114.2,103.4,111.6,6653
2023-05-01,111.6,122.0,110.7,120.0,4924
2023-05-02,117.6,118.4,108.4,109.2,8031
2023-05-03,114.8,128.5,114.8,124.3,17881
2023-05-04,122.8,129.0,118.6,127.4,6908
2023-05-05,130.2,136.1,130.2,133.4,6600
2023-05-08,134.0,134.0,127.8,131.6,3851
2023-05-09,128.4,139.0,126.6,136.1,3868
2023-05-10,142.8,145.4,138.2,142.2,6340
2023-05-11,139.8,142.3,134.0,136.2,4371
2023-05-12,136.7,136.7,129.6,133.2,4444
2023-05-15,138.2,146.8,137.8,142.6,7635
2023-05-16,132.0,132.0,127.4,130.3,8497
2023-05-17,131.7,133.4,124.5,133.0,4188
2023-05-18,130.1,131.3,121.6,128.4,8273
2023-05-19,131.2,134.7,130.2,131.6,4619
2023-05-22,133.8,142.6,133.8,141.0,6514
2023-05-23,142.2,151.8,140.4,141.0,10457
2023-05-24,137.3,137.3,129.6,132.6,8509
2023-05-25,128.2,128.2,118.5,122.5,15128
2023-05-26,121.0,126.3,120.8,125.4,5356
2023-05-30,126.7,130.7,118.7,121.0,10304
2023-05-31,122.1,130.2,119.8,124.8,6443
2023-06-01,124.1,130.7,120.6,128.9,6082
2023-06-02,131.4,134.5,127.4,134.5,5416
2023-06-05,133.2,138.2,131.6,135.8,7442
2023-06-06,138.4,143.0,134.0,142.0,4467
2023-06-07,143.3,145.0,137.4,142.8,9014
2023-06-08,142.0,144.7,138.8,142.9,3786
2023-06-09,144.0,145.7,138.4,140.4,5140
2023-06-12,143.2,151.8,140.8,144.4,6865
2023-06-13,146.6,155.6,146.0,152.4,6128
2023-06-14,151.8,155.1,140.6,145.2,21301
2023-06-15,143.0,148.5,141.4,146.4,3602
2023-06-16,149.2,149.7,138.6,138.8,7681
2023-06-20,137.0,141.4,133.8,139.2,5118
2023-06-21,135.8,139.3,131.2,136.9,6576
2023-06-22,135.0,138.2,132.8,134.4,2414
2023-06-23,130.8,131.3,126.6,127.4,8113
2023-06-26,124.8,125.6,117.6,118.0,13350
2023-06-27,117.4,119.0,113.6,117.2,6351
2023-06-28,117.2,121.6,115.6,121.6,6442
2023-06-29,120.4,121.1,115.4,115.8,6811
2023-06-30,119.0,121.2,116.4,118.2,5039
2023-07-03,116.9,119.1,115.2,116.8,3556
2023-07-05,115.2,119.2,114.6,117.4,6637
2023-07-06,113.8,113.8,108.0,111.8,7626
2023-07-07,111.6,116.2,111.2,111.8,3948
2023-07-10,111.0,122.5,110.6,121.8,8517
2023-07-11,120.0,120.8,117.4,120.2,10747
2023-07-12,125.0,125.8,121.6,124.0,8378
2023-07-13,125.0,126.8,123.2,123.8,5222
2023-07-14,125.0,125.0,117.7,122.3,7703
2023-07-17,124.9,132.4,124.2,128.1,8140
2023-07-18,128.4,132.2,126.9,127.2,4074
2023-07-19,128.6,132.2,127.6,128.1,4675
2023-07-20,125.7,127.2,120.8,121.8,5851
2023-07-21,123.8,127.2,121.2,124.0,3743
2023-07-24,124.4,125.8,116.0,117.7,9972
2023-07-25,116.3,119.4,116.0,116.4,3348
2023-07-26,115.8,117.0,114.4,115.8,4586
2023-07-27,117.2,117.2,109.2,110.6,11629
2023-07-28,114.5,119.4,113.4,118.4,7612
2023-07-31,119.2,121.2,117.4,120.6,3524
2023-08-01,118.1,118.1,113.8,116.6,8354
2023-08-02,113.0,113.4,109.0,111.2,5043
2023-08-03,108.8,112.0,107.7,107.7,5890
2023-08-04,110.7,111.4,107.2,107.5,6752
2023-08-07,106.6,106.6,97.2,97.8,18925
2023-08-08,96.9,100.6,96.9,99.8,6860
2023-08-09,100.2,103.2,97.8,99.8,4357
2023-08-10,100.3,105.9,99.6,102.2,10436
2023-08-11,100.9,104.2,100.7,102.0,3375
2023-08-14,100.0,103.4,95.8,102.5,12027
2023-08-15,101.2,103.6,99.0,101.7,11891
2023-08-16,100.0,100.8,94.2,95.2,14282
2023-08-17,95.2,95.4,90.6,91.0,17266
2023-08-18,87.6,94.6,87.2,92.6,7717
2023-08-21,92.0,97.8,90.6,96.0,5439
2023-08-22,96.0,97.2,93.6,96.0,3256
2023-08-23,98.4,101.2,97.4,97.6,7216
2023-08-24,95.2,96.5,92.8,93.4,4677
2023-08-25,93.9,98.2,91.8,96.6,5001
2023-08-28,97.6,101.0,95.8,97.6,5276
2023-08-29,96.5,100.4,96.5,98.9,7066
2023-08-30,99.0,101.0,98.0,100.4,3305
2023-08-31,100.2,101.8,98.5,98.5,3449
2023-09-01,102.0,105.8,101.8,105.4,7408
2023-09-05,103.6,106.0,99.2,99.8,7730
2023-09-06,100.6,101.1,96.8,100.2,7237
2023-09-07,98.0,98.0,95.0,96.4,4950
2023-09-08,95.2,97.8,94.4,95.8,4804
2023-09-11,95.2,97.8,95.2,96.4,6828
2023-09-12,96.2,100.2,96.0,97.5,18256
2023-09-13,99.2,101.8,94.4,94.4,10157
2023-09-14,95.7,96.3,92.6,94.1,4307
2023-09-15,93.9,93.9,88.8,90.2,11875
2023-09-18,89.8,90.9,85.2,86.0,12484
2023-09-19,86.2,87.0,84.6,86.1,3719
2023-09-20,86.4,86.8,80.6,80.6,16410
2023-09-21,77.4,79.4,75.6,78.4,7601
2023-09-22,79.5,80.0,75.6,75.9,7087
2023-09-25,74.0,74.5,71.8,72.6,13185
2023-09-26,74.8,80.4,74.8,76.6,9637
2023-09-27,78.7,81.2,76.4,79.0,12578
2023-09-28,77.4,78.8,74.8,78.2,7392
2023-09-29,80.3,80.3,75.4,76.0,6962
2023-10-02,75.1,75.1,67.8,68.4,14013
2023-10-03,67.1,69.0,65.6,68.0,8352
2023-10-04,67.6,67.6,64.0,66.0,8211
2023-10-05,67.4,73.1,66.2,72.4,10106
2023-10-06,69.6,73.8,69.6,72.7,6649
2023-10-09,69.6,71.4,67.7,70.9,4113
2023-10-10,69.4,73.0,68.9,72.0,4211
2023-10-11,72.8,74.2,67.9,70.0,5729
2023-10-12,69.0,69.0,61.7,62.2,12207
2023-10-13,62.4,64.8,61.4,64.5,9513
2023-10-16,64.8,67.6,62.0,66.0,6144
2023-10-17,65.8,69.4,65.8,66.3,7456
2023-10-18,64.8,64.9,60.6,61.3,10983
2023-10-19,61.4,61.4,57.1,57.6,9774
2023-10-20,56.8,59.4,56.0,56.8,7138
2023-10-23,55.0,56.0,53.4,53.4,10615
2023-10-24,56.4,57.6,55.4,57.1,8552
2023-10-25,55.1,55.6,53.0,53.0,7319
2023-10-26,53.4,55.6,52.6,54.6,10821
2023-10-27,54.1,54.1,49.4,49.6,11493
2023-10-30,52.4,52.8,51.2,51.8,8654
2023-10-31,49.7,54.6,48.6,54.4,8870
2023-11-01,55.5,57.8,54.2,57.8,9593
2023-11-02,58.9,60.8,58.8,59.3,11269
2023-11-03,64.2,69.2,64.2,67.7,16835
2023-11-06,69.2,69.2,62.9,63.4,13416
2023-11-07,64.6,67.8,63.1,67.6,6226
2023-11-08,68.0,68.0,61.0,61.7,19415
2023-11-09,63.2,63.2,53.6,54.3,21265
2023-11-10,54.8,55.4,51.4,55.1,13391
2023-11-13,53.0,55.6,50.2,55.4,9410
2023-11-14,62.8,64.7,62.0,64.7,10770
2023-11-15,64.8,71.2,64.3,65.2,21745
2023-11-16,65.6,65.6,60.6,62.5,10394
2023-11-17,64.0,69.6,63.7,69.3,13497
2023-11-20,69.2,74.4,69.0,71.6,15568
2023-11-21,69.4,71.2,67.6,67.6,8801
2023-11-22,70.6,71.0,67.4,69.3,5164
2023-11-24,70.8,74.2,69.4,71.0,3183
2023-11-27,70.0,70.7,67.0,70.4,7729
2023-11-28,68.1,70.0,67.5,69.9,7966
2023-11-29,73.4,76.4,72.0,72.3,11409
2023-11-30,77.8,81.9,76.2,77.0,10126
2023-12-01,74.8,84.0,73.2,84.0,10544
2023-12-04,87.12,88.54,82.95,88.295,5438
2023-12-06,89.0,93.03,87.04,89.64,17387
2023-12-07,90.7,93.49,89.75,92.82,13482
2023-12-08,90.89,94.28,88.68,88.68,17722
2023-12-11,87.51,87.51,82.64,86.71,24696
2023-12-12,86.64,91.41,83.61,91.03,11832
2023-12-13,92.19,104.57,91.26,104.57,21524
2023-12-14,108.82,110.73,104.93,109.81,30288
2023-12-15,110.98,114.6,106.71,110.75,25353
2023-12-18,107.11,109.52,104.22,105.8,11037
2023-12-19,110.23,114.17,110.01,113.66,9607
2023-12-20,110.41,112.62,98.205,98.45,23037
2023-12-21,105.97,106.1,102.1,104.59,11352
2023-12-22,110.03,117.69,110.03,115.96,8171
2023-12-26,119.69,124.89,118.64,123.55,18515
2023-12-27,126.81,129.11,123.65,128.87,13830
2023-12-28,127.91,133.39,125.75,128.9,23329
2023-12-29,126.44,127.31,121.98,122.04,13509
2024-01-02,117.67,131.61,117.67,125.69,27762
2024-01-03,121.8,123.55,115.16,117.36,26849
2024-01-04,118.01,124.8,117.05,122.16,6603
2024-01-05,117.175,121.89,113.12,121.42,9967
2024-01-08,116.26,137.94,115.36,137.94,17400
2024-01-09,133.54,141.445,133.54,139.085,13395
2024-01-10,138.46,141.73,130.0,134.285,13903
2024-01-11,128.02,130.4,120.4,125.04,42473
2024-01-12,128.99,133.68,124.4,124.8,14450
2024-01-16,119.57,120.15,116.42,119.11,7531
2024-01-17,114.86,116.34,113.31,116.26,5005
2024-01-18,117.24,117.24,107.55,111.09,7106
2024-01-19,108.44,112.43,107.27,110.82,8643
2024-01-22,113.85,118.95,112.38,118.15,11129
2024-01-23,122.38,122.38,113.51,119.13,15505
2024-01-24,121.4,121.4,113.04,113.1,14680
2024-01-25,116.99,119.72,114.73,115.89,9540
2024-01-26,117.7,120.5,113.75,114.51,7254
2024-01-29,111.84,124.95,111.84,124.41,9673
2024-01-30,122.49,122.49,114.53,116.4,6279
2024-01-31,115.11,121.61,111.42,111.42,10347
2024-02-01,113.8,118.98,111.4,116.76,11174
2024-02-02,112.18,114.27,108.43,112.75,9670
2024-02-05,109.15,115.48,106.76,114.45,7451
2024-02-06,111.4,119.69,110.17,119.69,6454
2024-02-07,116.0,116.28,112.9,112.9,6140
2024-02-08,113.51,119.135,112.7,117.08,8722
2024-02-09,118.72,124.89,118.37,124.22,6794
2024-02-12,123.05,132.82,123.05,132.62,8990
2024-02-13,118.88,120.92,110.57,113.58,38964
2024-02-14,119.14,124.19,116.51,123.12,18456
2024-02-15,125.14,132.915,125.14,131.485,16129
2024-02-16,128.62,135.0,127.0,131.3,6425
2024-02-20,128.19,133.72,124.905,127.42,9018
2024-02-21,129.55,129.55,123.9,127.71,5553
2024-02-22,127.54,137.86,127.22,135.0,12295
2024-02-23,135.52,140.12,134.395,137.3,7095
2024-02-26,141.56,149.2,141.56,148.66,10509
2024-02-27,163.74,174.92,156.05,174.06,41874
2024-02-28,168.7,175.73,164.93,166.33,51948
2024-02-29,173.0,174.05,151.47,151.86,34694
2024-03-01,155.34,171.64,155.34,166.15,23180
2024-03-04,174.82,174.82,158.88,161.94,21704
2024-03-05,162.73,164.98,152.71,155.77,15989
2024-03-06,161.27,161.27,156.56,158.9,13386
2024-03-07,158.47,160.74,152.395,152.41,21075
2024-03-08,156.685,164.4,148.43,153.15,22203
2024-03-11,151.98,156.06,141.71,143.17,6422
2024-03-12,140.34,143.105,137.15,140.32,13008
2024-03-13,145.47,145.67,140.92,144.16,7006
2024-03-14,140.23,143.16,126.34,132.2,18176
2024-03-15,132.065,137.18,130.24,133.115,8303
2024-03-18,134.93,135.19,125.27,125.295,15235
2024-03-19,125.865,131.795,124.56,128.98,8545
2024-03-20,126.68,135.73,123.765,134.75,14862
2024-03-21,140.0,143.985,134.39,134.39,15091
2024-03-22,135.05,135.05,127.3,127.3,9063
2024-03-25,130.17,131.0,123.5,124.1,8793
2024-03-26,128.43,130.59,123.95,123.98,12691
2024-03-27,127.265,132.39,122.73,132.35,16835
2024-03-28,133.01,136.325,129.24,133.04,18585
2024-04-01,129.16,129.33,122.38,127.96,14930
2024-04-02,120.02,120.02,113.96,114.93,15835
2024-04-03,111.07,117.595,111.07,116.51,9490
2024-04-04,119.05,121.61,109.79,110.13,11756
2024-04-05,107.51,116.155,104.55,112.48,7509
2024-04-08,113.295,114.24,110.6,113.45,4968
2024-04-09,116.235,118.17,113.62,117.59,15815
2024-04-10,107.13,111.85,106.59,111.32,14158
2024-04-11,116.09,117.22,111.56,116.51,9064
2024-04-12,113.84,114.845,101.15,104.12,18472
2024-04-15,102.4,105.135,95.73,97.72,11779
2024-04-16,94.51,98.05,93.825,95.22,8269
2024-04-17,97.03,97.455,91.815,92.025,13027
2024-04-18,90.46,92.49,87.895,87.9,16148
2024-04-19,87.48,90.585,81.395,85.97,15342
2024-04-22,88.41,91.95,85.04,88.98,5764
2024-04-23,92.48,96.65,91.98,91.98,7673
2024-04-24,93.28,93.87,88.96,89.44,5632
2024-04-25,82.46,84.77,80.47,83.79,9994
2024-04-26,83.13,88.555,82.115,87.6,5647
2024-04-29,92.555,96.56,92.14,94.07,13283
2024-04-30,90.9,94.72,90.6,90.77,9251
2024-05-01,91.92,106.54,91.92,99.97,18892
2024-05-02,102.815,105.13,98.5,103.05,8905
2024-05-03,112.605,112.77,108.23,109.095,7646
2024-05-07,110.0,110.635,107.62,110.28,4217
2024-05-08,106.75,107.8,102.56,105.12,9705
2024-05-09,105.72,106.46,102.505,104.69,7624
2024-05-10,108.5,109.535,100.945,101.7,8610
2024-05-13,105.53,110.3,105.51,107.61,20785
2024-05-14,113.155,115.92,109.045,111.14,5414
2024-05-15,118.35,121.99,116.83,117.685,15903
2024-05-16,116.695,117.73,113.02,117.39,10627
2024-05-17,117.48,117.48,110.89,111.72,10505
2024-05-20,111.36,116.31,111.36,116.0,10076
2024-05-21,114.555,116.16,111.12,113.27,4863
2024-05-22,112.81,118.85,112.81,115.73,22100
2024-05-23,112.66,112.66,102.22,104.12,25799
2024-05-28,109.13,109.79,100.8,103.72,11731
2024-05-29,98.75,99.3,96.465,97.89,10249
2024-05-30,98.975,102.67,98.975,100.53,7947
2024-05-31,103.735,107.78,101.28,103.09,15078
2024-06-03,104.7,116.35,104.02,111.3,19077
2024-06-04,110.0,113.62,108.58,110.19,9547
2024-06-05,110.54,121.51,109.26,121.375,8701
2024-06-06,121.8,121.8,115.46,115.62,10733
2024-06-07,110.96,113.44,108.63,110.03,8308
2024-06-10,105.08,112.16,103.5,112.16,4311
2024-06-11,110.49,114.94,108.07,114.03,9961
2024-06-12,123.37,124.64,116.77,118.93,15291
2024-06-13,117.56,121.55,116.45,119.07,10768
2024-06-14,114.845,115.12,109.42,110.83,9931
2024-06-17,107.84,109.24,104.86,106.55,7925
2024-06-18,103.66,105.78,102.18,103.31,4950
2024-06-20,102.1,106.37,100.11,104.14,13106
2024-06-21,108.0,112.42,108.0,112.365,7620
2024-06-24,117.62,120.71,115.69,118.01,9049
2024-06-25,116.69,119.22,115.49,115.66,5586
2024-06-26,113.93,113.93,110.43,111.99,7056
2024-06-27,110.385,114.79,110.385,114.0,7032
2024-06-28,114.025,115.0,110.67,113.535,17384
2024-07-01,114.15,119.795,113.24,114.765,6772
2024-07-03,109.99,110.99,105.72,106.755,7529
2024-07-05,104.99,110.24,104.88,109.63,5981
2024-07-08,113.61,116.44,112.34,114.46,6276
2024-07-10,120.23,123.22,119.09,123.22,10453
2024-07-11,128.09,135.555,128.09,132.97,12936
2024-07-15,135.7,142.055,135.7,141.495,4874
2024-07-16,143.85,150.67,143.18,148.765,11847
2024-07-17,140.28,147.94,136.83,139.48,15676
2024-07-18,139.295,143.65,128.04,130.12,11147
2024-07-19,131.11,131.87,128.31,129.99,3640
2024-07-22,132.22,135.84,129.03,135.455,14406
2024-07-23,133.345,140.8,133.345,138.71,6997
2024-07-24,136.15,140.33,135.1,136.27,10833
2024-07-25,138.295,150.0,138.295,144.2,14456
2024-07-26,147.02,151.9,143.94,145.95,11768
2024-07-29,145.89,147.46,138.26,140.89,5861
2024-07-30,141.35,142.56,132.58,134.79,5566
2024-07-31,137.15,143.54,131.89,135.445,11765
2024-08-01,137.11,140.26,132.335,133.6,7370
2024-08-02,122.62,124.93,118.1,124.88,16355
2024-08-05,107.67,116.91,106.5,112.64,14416
2024-08-07,119.485,119.485,108.37,108.37,9499
2024-08-08,111.06,118.12,110.57,118.02,8298
2024-08-13,124.06,124.98,122.34,124.98,3770
2024-08-21,142.83,144.5,139.71,143.99,6976
2024-08-23,139.47,143.88,137.355,142.34,7837
2024-08-26,142.86,145.075,142.135,143.0,11813
2024-08-28,137.785,140.23,135.84,138.06,3144
2024-08-29,139.61,144.92,139.45,139.46,5837
2024-08-30,142.055,142.22,134.92,141.09,7192
2024-09-03,143.39,146.65,129.41,129.885,8123
2024-09-04,128.62,133.39,125.93,129.35,4919
2024-09-05,130.31,130.31,125.865,127.39,5764
2024-09-06,128.675,128.9,118.47,121.125,3170
2024-09-12,129.865,133.07,127.11,130.62,4641
2024-09-13,132.02,139.31,132.02,139.31,5266
2024-09-17,141.45,143.88,135.8,137.9,6041
2024-09-18,138.62,145.23,135.54,137.31,10582
2024-09-19,145.25,148.0,142.32,143.4,11943
2024-09-23,141.47,141.47,130.02,130.42,7173
2024-09-24,130.67,130.67,125.71,128.66,5754
2024-09-30,129.785,131.19,125.45,128.82,9033
2024-10-01,126.08,126.23,120.34,125.08,8402
2024-10-03,124.8,124.8,119.69,120.12,6459
2024-10-04,124.02,124.19,120.125,123.1,5610
2024-10-07,124.05,124.05,117.88,118.6,5092
2024-10-11,117.55,127.19,117.03,126.88,3924
2024-10-15,126.915,130.92,125.48,129.19,7753
2024-10-21,128.24,129.24,122.86,123.58,4241
2024-10-24,119.99,122.88,119.71,120.41,3788
2024-11-04,125.67,130.38,122.91,127.58,5954
2024-11-06,142.48,142.48,134.72,140.23,9714
2024-11-08,143.59,146.96,141.93,146.92,5225
2024-11-11,149.95,151.935,144.27,144.27,4327
2024-11-13,134.72,139.13,129.975,130.23,7039
2024-11-14,128.57,129.29,117.67,117.99,4924
2024-11-15,116.25,116.25,98.46,99.12,21693
2024-11-18,100.085,101.5,97.165,99.48,26172
2024-11-20,102.05,106.24,100.81,105.62,8834
2024-11-21,106.215,110.375,102.34,107.715,7896
2024-11-25,120.66,123.11,118.17,119.41,9897
2024-11-26,119.96,122.84,115.95,122.84,6648
2024-11-27,124.21,127.48,123.65,126.81,7953
2024-12-03,123.26,123.26,117.75,118.06,3454
2024-12-05,119.21,120.83,115.39,116.37,3910
2024-12-09,123.7,123.71,119.09,119.41,4636
2024-12-11,116.635,118.27,113.09,114.93,3305
2024-12-12,111.25,113.395,104.87,104.87,11694
2024-12-13,103.51,105.6,99.93,102.06,10449
2024-12-17,104.2,107.84,104.2,106.12,4995
2024-12-18,105.36,105.5,87.29,90.38,30378
2024-12-19,90.94,91.7,86.33,89.88,26219
2024-12-20,88.94,95.89,88.94,93.625,5058
2024-12-27,95.855,98.64,91.55,94.0,13021
2024-12-30,90.47,91.68,88.18,89.8,3493
2024-12-31,91.635,91.91,87.98,89.99,4747
2025-01-02,92.495,96.97,91.75,94.2,6291
2025-01-03,96.77,98.06,95.445,96.96,5257
2025-01-06,97.19,99.19,95.67,96.04,4018
2025-01-07,97.605,102.7,97.03,98.16,12684
2025-01-10,90.83,90.83,85.55,87.44,16106
2025-01-13,83.3,86.62,79.47,86.46,38662
2025-01-14,87.38,88.17,78.51,79.31,50788
2025-01-15,84.68,87.08,81.92,84.37,31102
2025-01-16,84.32,84.32,81.0,82.51,14311
2025-01-17,84.31,84.87,82.51,83.17,9978
2025-01-21,85.575,89.78,85.02,89.56,13337
2025-01-22,90.18,92.89,89.23,91.67,18606
2025-01-23,90.14,97.64,88.04,97.04,18483
2025-01-24,96.31,98.69,93.54,95.28,13797
2025-01-27,95.01,101.26,94.16,94.98,22987
2025-01-28,96.505,98.69,94.42,98.69,9323
2025-01-29,97.0,98.92,93.77,96.74,5887
2025-01-30,98.03,100.69,96.02,98.22,16293
2025-01-31,99.535,102.44,94.81,96.79,14053
2025-02-03,89.87,95.065,89.04,92.03,12474
2025-02-04,90.76,96.83,90.76,95.425,15839
2025-02-05,96.33,102.24,96.28,101.27,22470
2025-02-06,101.0,101.19,97.36,97.43,10619
2025-02-07,95.72,96.1,90.05,90.71,14217
2025-02-10,92.295,92.54,87.5,88.09,10271
2025-02-11,85.31,85.74,82.92,83.99,20043
2025-02-12,81.35,86.44,81.08,86.44,15280
2025-02-13,87.16,89.36,84.62,89.1,12068
2025-02-14,90.35,94.245,89.095,90.67,13230
2025-02-18,93.51,95.64,89.8,90.62,11013
2025-02-19,90.13,94.58,89.68,94.2,9010
2025-02-20,94.35,94.91,91.73,94.63,9486
2025-02-21,96.33,97.86,91.27,91.27,14289
2025-02-24,89.39,91.11,85.87,86.65,9384
2025-02-25,84.78,85.08,79.78,82.825,23429
2025-02-26,83.405,85.63,80.33,81.39,7102
2025-02-27,81.53,84.795,78.1,78.1,12368
2025-02-28,76.45,82.36,76.45,82.36,8136
2025-03-03,81.005,81.005,72.46,73.48,29544
2025-03-04,70.35,75.69,69.85,74.91,11702
2025-03-06,76.35,80.35,75.47,77.15,5973
2025-03-07,75.45,79.09,75.0,77.86,7031
2025-03-11,74.25,76.38,70.04,75.16,15398
2025-03-12,76.65,78.495,75.5,77.39,4887
2025-03-13,76.81,77.23,73.97,74.27,4237
2025-03-14,76.265,77.94,76.02,76.95,4508
2025-03-17,76.59,81.35,75.21,80.625,3649
2025-03-19,74.11,77.78,74.11,77.63,3188
2025-03-24,78.37,81.33,78.37,81.25,8589
2025-03-25,80.79,80.79,74.23,75.93,4703
2025-03-26,75.11,75.45,70.37,70.845,8627
2025-03-31,61.9,62.0,56.705,60.75,11200
2025-04-01,60.005,60.29,53.7,54.29,20944
2025-04-02,52.8,59.48,52.8,59.29,6420
2025-04-03,54.21,55.91,52.73,53.79,7632
2025-04-04,50.72,51.25,44.08,44.51,40012
2025-04-07,39.93,47.75,36.81,43.28,23613
2025-04-08,47.37,47.65,36.11,37.66,37419
2025-04-09,35.21,47.27,32.84,45.87,44448
2025-04-10,41.95,42.54,34.77,39.76,72815
2025-04-11,39.86,44.19,39.48,44.13,17888
2025-04-14,47.4,48.85,44.48,48.19,29482
2025-04-15,47.795,50.08,46.53,48.15,20257
2025-04-16,47.16,47.52,43.71,45.38,10132
2025-04-17,45.59,47.3,44.825,47.0,8970
2025-04-22,47.95,50.26,47.95,50.02,10323
2025-04-23,54.64,56.525,52.65,52.87,24508
2025-04-25,54.9,55.74,52.94,54.85,6193
2025-04-28,57.01,58.54,55.35,57.39,8466
2025-04-29,56.65,59.19,55.39,58.3,11147
2025-04-30,56.93,61.12,56.47,60.86,5815
2025-05-02,62.26,63.16,61.66,61.68,6795
2025-05-06,56.53,56.53,47.78,47.78,54084
2025-05-07,48.08,49.13,46.75,48.33,16111
2025-05-08,47.41,51.65,45.2,49.52,22987
2025-05-09,49.555,51.98,46.11,46.2,22902
2025-05-12,49.12,52.82,49.12,51.835,28269
2025-05-13,51.505,51.505,47.44,48.215,20730
2025-05-14,49.315,49.42,45.2,45.865,24346
2025-05-15,45.96,48.06,44.71,47.96,29010
2025-05-16,48.21,50.7,47.83,50.65,9592
2025-05-19,49.45,52.14,49.01,51.995,5859
2025-05-20,51.93,55.7,51.27,55.335,19988
2025-05-21,53.74,54.95,49.96,51.1,13892
2025-05-23,48.51,50.75,48.48,50.53,6611
2025-05-27,51.735,52.69,50.79,50.93,28145
2025-05-28,51.31,51.63,49.81,49.84,28058
2025-05-29,51.0,53.28,49.12,53.03,34255
2025-05-30,49.7,51.09,48.31,50.45,35295
2025-06-02,53.3,55.24,51.04,54.46,13315
2025-06-03,53.19,57.4,53.19,56.615,11021
2025-06-04,58.63,58.63,56.86,56.86,4922
2025-06-05,56.34,58.53,54.88,56.92,14111
2025-06-06,58.69,60.79,58.55,60.46,11361
2025-06-09,62.425,62.425,58.69,60.4,10552
2025-06-10,60.805,63.76,60.805,62.655,11112
2025-06-11,63.58,64.1,60.47,60.59,8821
2025-06-12,59.73,61.42,59.06,60.46,10795
2025-06-13,58.39,59.82,57.3,58.73,4810
2025-06-16,58.935,58.935,56.555,58.3,8153
2025-06-17,57.16,57.53,55.65,55.735,8787
2025-06-18,55.09,58.2,55.01,56.8,5446
2025-06-20,57.98,57.98,54.95,56.21,5740
2025-06-23,56.48,56.98,53.44,55.97,9487
2025-06-24,56.87,59.54,56.34,58.98,9895
2025-06-25,58.59,58.59,56.49,57.64,5405
2025-06-26,58.225,58.64,57.08,58.48,5512
2025-06-27,58.3,59.3,56.24,57.03,9120
2025-06-30,57.42,58.145,56.51,56.87,11091
2025-07-01,55.99,60.88,55.22,57.16,38867
2025-07-02,56.865,61.51,56.865,60.74,9133
2025-07-03,61.535,61.79,59.89,61.47,8494
2025-07-07,59.22,60.005,56.81,57.98,11004
2025-07-08,58.38,61.575,58.38,60.29,7108
2025-07-09,62.24,67.05,62.24,67.03,16756
2025-07-10,66.69,68.54,65.47,68.125,31366
2025-07-11,65.92,66.16,64.25,64.99,4384
2025-07-14,64.645,68.3,64.3,67.73,10001
2025-07-15,68.22,68.22,61.93,62.24,15721
2025-07-16,63.71,66.46,63.665,66.37,20163
2025-07-17,66.14,68.36,66.14,67.03,7748
2025-07-18,68.59,68.7,62.43,62.69,39155
2025-07-21,63.835,65.45,61.5,61.77,15061
2025-07-22,61.61,63.94,61.54,63.65,15213
2025-07-23,65.455,68.03,64.105,67.1,17910
2025-07-24,66.91,67.37,64.86,65.3,17247
2025-07-25,65.78,66.06,63.7,65.42,7749
2025-07-28,65.87,66.08,62.32,63.22,28516
2025-07-29,63.445,63.445,61.08,61.6,16821
2025-07-30,64.2,65.74,61.37,62.31,21993
2025-07-31,61.875,64.97,60.65,61.05,9605
2025-08-04,61.48,63.66,59.81,63.39,7156
2025-08-06,61.99,62.38,59.77,61.85,7115
2025-08-07,60.34,61.27,58.54,60.17,17069
2025-08-08,60.305,61.3,59.62,60.38,10435
2025-08-11,59.79,61.37,59.14,59.83,32600
2025-08-12,60.5,63.53,60.31,63.51,9161
2025-08-13,64.85,69.64,64.43,69.11,15013
2025-08-14,66.96,69.51,66.84,69.28,13861
2025-08-15,69.31,71.73,69.31,71.72,12048
2025-08-18,71.565,73.17,70.47,70.75,11501
2025-08-19,68.99,69.3,66.94,67.22,8625
2025-08-20,66.57,68.3,66.07,68.24,5950
2025-08-21,66.52,70.0,66.52,69.78,9290
2025-08-22,70.66,74.06,69.93,72.13,11038
2025-08-25,72.73,72.73,66.63,67.01,27570
2025-08-26,67.505,69.54,67.16,69.53,22383
2025-08-27,69.1,70.75,69.04,70.41,17541
2025-08-29,70.4,70.4,68.27,69.225,12664
2025-09-02,72.78,77.3,72.78,76.33,35767
2025-09-03,76.34,80.97,76.34,78.02,9443
2025-09-04,77.92,78.5,75.23,77.58,7251
2025-09-08,81.12,81.12,78.24,79.76,9103
2025-09-09,79.64,80.87,78.21,80.87,4668
2025-09-10,80.43,81.39,77.65,78.345,9688
2025-09-11,80.11,82.87,80.075,82.82,8913
2025-09-12,82.33,82.48,78.63,78.64,8848
2025-09-15,78.515,78.515,75.05,76.74,6785
2025-09-16,76.81,78.32,76.69,77.61,5151
2025-09-17,78.71,82.19,77.11,77.59,6261
2025-09-18,80.35,84.83,80.35,84.82,6788
2025-09-19,85.39,85.39,81.84,81.99,3812
2025-09-24,88.02,88.18,85.75,86.73,5527
2025-09-25,84.85,85.25,82.37,82.43,4359
2025-09-26,83.58,87.73,82.73,87.73,6778
2025-09-29,89.15,91.52,87.9,91.52,5221
2025-09-30,91.54,94.54,90.49,93.99,6622
2025-10-01,94.085,98.87,94.085,97.04,4949
2025-10-02,98.84,100.38,96.01,100.38,9939
2025-10-03,101.795,104.84,101.28,103.33,9095
2025-10-06,105.06,105.76,103.17,103.41,11427
2025-10-07,103.84,104.05,100.81,103.65,6141
2025-10-08,104.265,112.0,104.265,108.88,7238
2025-10-09,110.97,114.27,110.97,112.13,7607
2025-10-10,112.3,113.38,104.73,107.07,21583
2025-10-13,106.29,109.31,105.86,109.08,7071
2025-10-14,104.34,110.21,102.92,107.61,5946
2025-10-15,110.23,118.08,110.23,117.46,10330
2025-10-16,123.5,125.82,113.26,116.035,31555
2025-10-17,113.89,118.68,111.36,115.37,22241
2025-10-20,119.165,124.0,118.65,123.04,7279
2025-10-22,119.15,119.15,111.57,113.925,8355
2025-10-23,112.47,115.025,111.06,113.955,4476
2025-10-24,117.56,118.56,116.0,117.41,3315
2025-10-27,122.34,127.82,122.34,127.24,6959
2025-10-28,126.53,129.995,124.965,128.79,6051
2025-10-29,127.4,130.31,123.31,125.22,5806
2025-10-30,122.83,132.435,122.83,128.11,15201
2025-10-31,127.395,131.565,125.31,131.345,6094
2025-11-03,125.25,127.7,114.52,120.875,13776
2025-11-04,116.17,120.785,115.1,115.1,4358
2025-11-05,113.355,120.08,113.355,118.835,4037
2025-11-07,114.55,116.91,109.145,116.17,4117
2025-11-10,121.74,122.56,118.81,121.43,5681
2025-11-11,119.79,134.28,119.79,133.7,8664
2025-11-12,132.975,137.03,132.975,134.185,9518
2025-11-13,131.8,135.0,126.66,126.66,9712
2025-11-14,127.49,138.13,125.9,133.82,20486
2025-11-17,131.375,140.65,131.375,135.92,9595
2025-11-18,134.99,139.78,131.34,137.48,10060
2025-11-19,136.3,136.88,131.87,134.875,6207
2025-11-20,143.0,146.14,132.61,133.1,9889
2025-11-21,133.035,145.2,133.035,142.19,7571
2025-11-24,148.275,153.065,147.15,153.065,7963
2025-11-25,155.95,159.77,153.22,159.77,6332
2025-11-26,158.8,167.75,158.8,165.45,6907
2025-11-28,165.03,167.09,164.95,167.04,5442
2025-12-01,160.09,160.54,153.255,153.83,3722
2025-12-02,152.55,154.59,145.18,148.94,9792
2025-12-03,150.56,160.78,150.205,160.44,4780
2025-12-04,158.15,167.09,156.78,166.88,6000
2025-12-05,167.8,168.7,163.8,165.75,10463
2025-12-08,174.74,175.77,167.41,167.41,7341
2025-12-09,167.42,168.21,157.55,157.67,8484
2025-12-10,157.02,162.81,155.68,161.27,13111
2025-12-11,164.2,167.04,161.18,164.34,5412
2025-12-12,164.55,166.14,160.215,165.5,11370
2025-12-15,166.225,169.95,161.61,163.58,7610
2025-12-16,161.08,162.67,157.21,160.47,4416
2025-12-17,162.65,163.59,155.845,156.66,5263
2025-12-18,156.615,160.03,151.35,153.13,13908
2025-12-19,155.54,167.47,155.54,164.52,14999
2025-12-22,166.245,178.56,166.245,176.22,6632
2025-12-23,173.26,177.385,171.16,171.5,7526
2025-12-26,173.35,173.77,168.67,171.18,3767
2025-12-30,163.72,164.335,156.9,158.02,8148
2025-12-31,157.215,161.495,156.685,159.61,3845
2026-01-02,155.13,161.0,153.04,157.07,7779
2026-01-05,157.01,157.01,145.39,151.89,12666
2026-01-06,153.48,159.42,153.48,159.42,8622
2026-01-07,162.4,185.64,162.4,176.06,38787
2026-01-08,171.67,171.83,159.76,164.74,19006
2026-01-09,171.48,173.65,166.74,167.715,9710
2026-01-12,165.83,165.83,155.95,165.345,14765
2026-01-13,162.46,166.71,158.01,164.93,9859
2026-01-14,165.195,176.985,163.91,176.68,17069
2026-01-15,176.225,176.225,166.395,166.395,7096
2026-01-16,167.885,170.99,164.0,166.56,10219
2026-01-20,156.05,169.74,154.73,168.97,10227
2026-01-21,170.255,181.82,169.4,181.82,16552
2026-01-22,183.245,197.95,183.245,195.7,13057
2026-01-23,192.55,196.05,179.56,180.21,16440
2026-01-26,172.3,181.24,172.3,179.135,5432
2026-01-27,181.46,187.33,178.06,181.875,4529
2026-01-28,178.58,179.17,170.62,171.09,9253
2026-01-29,170.94,175.99,169.88,173.7,4760
2026-01-30,171.64,171.64,163.54,165.74,5770
2026-02-02,165.85,176.77,165.85,175.93,7101
2026-02-03,175.92,184.78,170.945,176.91,7665
2026-02-04,180.01,180.01,160.64,167.385,6533
2026-02-05,165.69,171.355,147.62,148.49,8928
2026-02-06,162.92,167.65,157.44,167.65,7085
2026-02-09,165.61,169.72,160.39,167.68,2655
2026-02-10,169.82,172.12,165.46,165.46,3699
2026-02-11,158.805,163.205,151.51,163.205,9827
2026-02-12,166.25,166.25,153.99,157.35,11502
2026-02-13,159.68,167.97,155.35,155.99,12349
