Date,Open,High,Low,Close,Volume
2020-10-05,58.32,58.78,53.88,56.23,4230
2020-10-21,57.4,57.4,52.14,52.6,7630
2020-10-22,51.92,51.92,47.64,48.31,10164
2020-10-26,48.88,48.88,44.43,45.85,4100
2020-10-28,40.3,44.27,40.3,42.465,2988
2020-11-04,48.94,53.49,48.38,52.55,18632
2020-11-05,53.14,55.48,52.42,52.68,3736
2020-11-06,51.27,51.27,48.22,48.79,5050
2020-11-09,52.83,52.83,38.955,38.98,24727
2020-11-10,41.405,44.95,39.19,44.15,13017
2020-11-12,46.6,47.12,42.69,43.34,5855
2020-11-13,44.7,47.45,44.7,46.6,12608
2020-11-16,46.23,48.25,45.58,47.75,4100
2020-11-23,49.43,52.32,49.02,51.86,4175
2020-12-02,43.6,43.72,41.58,41.805,6800
2020-12-17,49.85,52.57,49.68,51.43,18108
2021-01-19,50.42,51.71,49.8,51.54,4323
2021-01-20,52.64,59.24,52.02,58.13,13761
2021-01-21,59.69,62.57,59.31,60.75,3912
2021-01-26,64.04,66.93,59.31,59.61,4245
2021-01-27,57.01,59.88,54.73,56.07,4053
2021-01-28,55.17,56.93,53.89,56.76,3681
2021-01-29,55.47,55.47,51.88,53.45,3200
2021-02-08,66.92,70.89,66.92,70.76,4780
2021-02-10,68.0,70.59,65.64,68.62,4829
2021-02-16,67.98,67.98,62.945,63.26,3355
2021-02-23,58.99,60.81,55.25,60.43,2950
2021-02-25,59.89,59.89,52.1,52.39,11615
2021-02-26,54.23,57.26,53.72,56.12,6649
2021-03-04,53.01,56.38,47.31,50.46,5220
2021-03-05,53.02,58.36,49.79,57.94,5200
2021-03-08,59.455,63.91,59.455,61.93,8109
2021-03-09,64.92,64.92,62.02,62.82,3400
2021-03-10,65.14,68.98,65.14,67.53,13374
2021-03-11,68.93,70.13,66.7,67.655,5766
2021-03-17,66.24,75.6,65.26,75.6,4402
2021-03-18,72.52,72.82,65.76,65.8,5202
2021-03-25,62.9,71.24,62.78,71.22,3724
2021-03-26,71.37,79.07,71.2,79.07,5208
2021-04-09,83.17,88.68,83.17,88.5,3122
2021-04-16,89.83,95.93,89.83,94.81,4980
2021-04-20,90.62,90.62,81.79,84.98,5912
2021-04-21,85.05,88.49,85.05,87.77,3510
2021-04-26,93.62,94.53,92.41,94.25,2600
2021-04-27,96.68,99.26,95.73,96.28,2401
2021-05-03,98.95,103.32,98.95,101.95,4850
2021-05-04,100.415,104.44,99.18,104.44,3819
2021-05-07,103.35,110.78,103.32,110.62,6060
2021-05-10,110.635,117.48,110.54,111.63,5595
2021-05-11,104.24,105.84,96.12,98.13,18831
2021-05-12,93.84,93.84,80.24,81.01,10581
2021-05-13,83.28,90.05,83.05,88.79,7675
2021-05-17,90.27,90.27,85.26,88.56,3860
2021-05-18,86.24,86.32,81.75,81.75,3296
2021-05-19,76.28,80.29,74.42,79.04,4027
2021-05-25,84.02,85.41,82.74,82.79,5821
2021-05-26,84.765,87.65,84.765,87.08,3564
2021-06-02,85.73,85.73,83.05,83.11,3478
2021-06-04,80.56,82.86,78.72,82.72,2619
2021-06-10,77.04,77.04,71.95,72.46,4230
2021-06-14,74.85,74.9,70.65,71.42,2691
2021-06-17,70.37,72.64,67.84,70.69,2227
2021-06-29,77.05,79.95,77.0,77.28,3373
2021-07-01,77.54,82.575,77.54,82.07,3314
2021-07-06,78.96,78.96,73.84,76.99,3149
2021-07-07,78.71,81.62,78.27,80.915,3833
2021-07-08,73.92,76.58,71.59,72.69,4100
2021-07-29,80.86,85.61,80.75,84.85,2900
2021-08-11,85.58,92.98,85.58,92.79,4203
2021-08-17,88.56,88.56,80.43,82.34,2775
2021-08-24,86.16,90.85,85.11,88.22,2542
2021-08-25,90.13,91.97,90.01,90.71,2702
2021-09-23,76.86,77.47,75.02,75.02,3699
2021-10-06,65.08,67.74,63.87,67.74,2900
2021-10-07,69.32,71.62,69.32,69.71,5246
2021-10-14,71.96,75.66,71.96,75.66,4100
2021-12-01,99.9,104.135,98.48,98.98,3236
2021-12-03,112.03,112.07,106.03,106.03,4678
2021-12-06,111.86,117.41,111.83,116.2,7304
2021-12-17,107.54,107.91,101.91,103.79,6700
2021-12-27,114.63,117.075,112.52,117.025,49787
2022-01-05,116.81,121.515,109.69,109.73,4367
2022-01-07,102.51,103.04,92.18,92.19,5101
2022-01-10,88.11,92.52,85.92,92.52,4535
2022-01-11,91.77,98.41,90.69,98.07,2600
2022-01-12,99.66,101.845,97.09,99.31,3135
2022-01-13,105.83,107.07,100.32,100.98,4343
2022-01-14,97.4,100.06,93.55,96.26,3774
2022-01-21,71.96,77.11,71.33,72.49,3675
2022-01-31,68.74,74.17,68.42,74.17,2800
2022-02-04,70.37,70.37,64.205,64.81,5845
2022-02-10,67.49,72.49,64.1,64.1,4982
2022-03-09,53.565,56.75,53.565,55.21,2971
2022-03-21,59.65,59.65,54.81,55.73,2900
2022-03-25,47.95,47.95,44.63,45.06,3368
2022-04-11,35.605,37.69,35.605,37.36,3901
2022-04-14,39.89,39.89,36.88,36.88,2824
2022-04-18,36.22,37.35,35.33,35.65,3484
2022-04-28,37.73,40.83,36.02,40.1,4279
2022-05-05,42.85,43.01,37.72,38.68,3800
2022-05-24,32.31,32.44,28.835,30.57,3955
2022-06-27,25.91,27.155,25.42,26.41,4237
2022-06-30,23.57,25.09,23.21,24.65,2738
2022-07-13,32.035,32.215,31.585,32.0,4632
2022-08-03,35.42,35.42,33.95,34.79,3891
2022-10-13,21.02,24.31,20.06,23.73,3238
2022-11-10,28.71,31.5,28.71,30.77,3376
2022-12-08,30.79,32.3,30.79,32.05,2200
2023-01-18,41.45,42.41,39.06,39.06,4444
2023-01-24,40.27,41.09,39.44,40.73,2638
2023-01-25,39.5,40.94,39.17,40.71,3666
2023-01-31,42.46,44.91,42.43,44.91,2958
2023-02-01,44.68,49.11,43.55,49.03,6039
2023-02-02,50.24,53.52,50.24,51.91,5676
2023-02-10,44.53,44.59,43.89,44.44,2501
2023-02-13,45.13,47.49,45.13,47.44,4712
2023-02-21,40.0,40.23,37.61,38.05,5325
2023-03-16,38.46,41.9,38.46,41.52,3181
2023-11-03,58.33,60.01,58.33,59.93,5660
2024-04-02,132.9,132.93,129.505,131.58,4692
2024-04-11,117.75,120.5,116.84,119.48,5148
2024-05-03,121.01,124.35,116.84,116.84,4415
2024-05-16,128.0,128.0,119.82,119.82,2610
2024-06-04,106.04,106.04,100.84,101.26,2600
2024-06-13,105.195,106.17,102.2,106.17,3031
2024-07-11,99.19,107.48,98.83,107.24,6708
2024-07-12,109.69,117.34,109.69,113.16,6376
2024-07-15,115.215,118.14,111.88,111.88,6957
2024-07-16,117.75,132.73,117.75,132.69,4185
2024-07-18,130.74,143.62,130.565,131.14,6856
2024-07-19,131.52,134.89,128.38,130.87,9205
2024-07-22,131.99,135.92,125.83,135.73,5113
2024-07-24,135.1,137.47,125.64,125.64,6076
2024-07-25,127.28,140.3,126.73,134.13,4885
2024-07-26,142.83,149.49,142.83,145.92,5425
2024-08-01,153.87,154.22,137.65,141.49,6218
2024-08-02,128.39,134.69,126.17,133.355,7300
2024-08-06,116.505,128.11,116.505,123.52,6350
2024-08-07,129.96,130.46,112.17,112.17,3966
2024-08-08,116.49,119.65,114.14,118.89,5637
2024-08-09,120.36,121.98,119.22,120.235,3007
2024-08-13,119.5,124.71,118.87,123.41,6429
2024-08-15,127.0,128.32,122.25,126.38,7632
2024-08-16,125.4,129.78,124.6,126.37,4360
2024-08-21,134.53,141.72,134.5,140.945,7636
2024-08-22,141.78,142.92,137.76,139.07,8415
2024-08-23,143.38,157.56,142.73,157.34,10226
2024-08-26,159.1,160.03,151.57,151.61,4355
2024-08-29,146.365,147.45,141.985,143.67,5715
2024-09-03,148.12,150.39,133.88,136.07,6812
2024-09-04,132.06,136.82,130.43,134.755,6247
2024-09-06,135.0,142.35,134.345,134.845,7542
2024-09-13,151.01,158.92,151.01,158.0,10152
2024-09-16,161.68,162.785,155.07,160.29,13201
2024-09-18,165.63,175.01,161.055,163.71,9143
2024-09-19,176.27,176.27,166.87,175.885,12864
2024-10-03,165.99,165.99,159.09,163.9,4080
2024-10-04,160.68,161.83,150.185,152.63,4490
2024-10-18,170.89,177.43,170.355,176.07,9160
2024-10-21,174.67,174.67,157.07,157.5,12093
2024-10-22,144.87,146.195,141.875,142.06,4958
2024-10-29,118.79,129.955,115.37,129.83,9680
2024-11-06,130.37,135.08,124.88,135.08,11805
2024-11-08,139.92,143.02,139.84,141.18,5750
2024-11-25,144.96,161.39,144.96,158.55,7522
2024-12-04,141.92,141.92,135.75,136.68,3265
2024-12-13,114.98,114.98,109.71,111.55,3641
2024-12-16,111.4,114.14,107.8,107.99,3805
2024-12-18,105.95,105.95,92.27,92.27,2965
2024-12-19,90.07,90.07,84.11,84.58,6640
2025-01-03,82.14,84.48,81.82,84.23,5704
2025-01-06,85.65,87.97,82.92,82.92,7618
2025-01-07,83.69,84.48,79.26,79.76,5411
2025-01-08,78.61,82.76,77.33,82.3,16410
2025-01-10,80.51,80.51,77.09,77.29,8112
2025-01-13,76.72,81.025,76.54,80.94,10380
2025-01-14,87.15,88.2,84.85,88.2,5235
2025-01-15,99.385,99.385,94.03,94.79,14594
2025-01-16,93.53,97.315,91.86,97.07,10558
2025-01-17,101.26,101.42,97.67,97.67,5079
2025-01-21,102.29,105.16,97.57,97.67,12888
2025-01-22,96.87,99.33,96.78,99.33,4295
2025-01-27,97.795,104.33,97.795,103.64,8231
2025-01-29,98.0,98.0,91.36,92.39,7830
2025-01-30,95.0,101.65,93.47,99.31,7070
2025-01-31,97.88,97.88,91.78,91.78,3878
2025-02-03,85.51,87.08,82.22,84.37,4823
2025-02-04,84.24,87.29,83.66,86.63,3929
2025-02-05,90.51,91.04,87.7,89.71,23991
2025-02-07,87.3,87.3,79.26,80.24,17119
2025-02-10,82.115,82.8,80.84,81.16,8026
2025-02-12,76.58,77.97,74.73,77.77,26579
2025-02-13,79.98,80.9,77.8,80.48,14664
2025-02-18,79.1,79.86,76.52,78.45,7040
2025-02-19,71.38,75.26,71.38,74.72,9565
2025-02-21,74.44,74.44,68.28,69.9,17664
2025-02-24,70.055,70.055,67.04,68.73,4979
2025-02-25,69.94,76.3,69.94,75.34,11993
2025-02-26,73.87,74.99,72.34,72.49,5311
2025-02-27,72.23,73.83,69.39,69.39,7242
2025-02-28,69.905,70.95,68.21,70.59,5709
2025-03-03,71.03,71.785,65.85,66.54,8581
2025-03-04,64.51,68.55,63.08,65.62,6739
2025-03-06,71.1,73.72,71.1,73.3,5113
2025-03-11,70.81,71.0,66.21,67.26,4480
2025-03-13,64.62,64.71,59.5,59.5,7086
2025-03-14,61.66,62.66,60.29,62.66,3762
2025-03-21,60.59,62.445,59.64,62.445,8015
2025-03-24,65.44,68.03,65.41,67.98,5020
2025-04-03,56.01,56.01,52.09,53.44,6120
2025-04-04,50.53,60.59,50.53,58.27,30485
2025-04-07,50.05,55.34,48.575,49.48,15320
2025-04-08,52.01,52.35,43.36,43.46,8713
2025-04-09,40.92,53.67,40.06,52.56,12667
2025-04-10,50.17,50.19,43.25,47.55,7152
2025-04-11,45.84,49.16,43.79,49.09,8800
2025-04-22,47.64,50.88,47.64,50.88,3485
2025-04-29,51.435,52.85,50.52,52.28,3240
2025-04-30,49.84,53.22,49.11,53.22,5886
2025-05-07,51.765,52.12,50.67,50.75,6164
2025-05-08,52.815,55.08,52.3,53.76,6296
2025-05-12,59.65,61.96,57.11,59.44,8409
2025-05-14,58.6,58.6,54.17,54.17,7358
2025-05-15,54.12,55.59,52.55,55.59,7193
2025-05-20,56.265,56.665,53.52,53.91,5739
2025-05-21,52.93,53.04,48.97,49.37,19426
2025-05-22,48.25,49.22,47.22,48.51,8096
2025-05-28,49.32,49.34,46.58,46.58,6991
2025-05-29,47.49,48.185,46.15,47.6,7824
2025-06-02,45.41,45.44,43.47,45.44,6990
2025-06-03,45.625,48.15,45.21,47.96,5273
2025-06-04,49.36,51.36,48.91,50.98,3689
2025-06-05,50.13,51.75,49.625,50.675,4963
2025-06-06,51.32,51.32,48.99,48.99,6651
2025-06-09,49.515,51.2,49.18,50.64,9796
2025-06-10,51.88,54.72,51.18,54.57,11664
2025-06-11,56.32,57.38,51.6,51.69,15122
2025-06-12,49.97,53.01,49.97,52.63,6375
2025-06-13,51.28,51.76,47.255,47.98,9321
2025-06-16,49.13,49.8,47.62,48.71,8565
2025-06-17,48.78,50.7,44.57,44.75,30793
2025-06-18,44.18,46.78,44.18,44.73,7966
2025-06-20,45.85,47.88,45.83,47.65,11503
2025-06-23,47.68,52.35,46.93,52.13,9622
2025-06-24,51.91,53.91,51.21,53.32,6728
2025-06-25,52.095,52.095,50.19,50.83,7027
2025-06-26,50.67,51.56,49.51,51.47,5761
2025-06-27,52.34,54.61,51.73,53.09,4581
2025-07-01,52.62,63.02,52.62,59.59,22324
2025-07-02,60.58,61.99,59.28,61.44,14690
2025-07-03,61.43,61.43,57.93,58.36,8712
2025-07-07,58.53,58.53,54.75,55.92,4893
2025-07-08,55.835,58.62,55.15,57.08,8297
2025-07-09,58.0,63.55,57.96,63.19,13072
2025-07-10,62.51,67.25,62.38,64.92,14060
2025-07-11,62.74,63.46,61.85,62.32,15448
2025-07-14,61.99,61.99,58.42,60.695,11665
2025-07-15,61.93,62.25,53.74,53.74,22597
2025-07-16,54.73,55.48,52.2,54.99,16113
2025-07-17,54.71,56.56,54.71,56.21,7215
2025-07-18,57.275,57.275,53.8,55.095,12192
2025-07-21,56.015,56.54,54.34,54.71,9336
2025-07-22,59.62,67.69,59.62,67.41,37401
2025-07-23,69.56,69.56,66.51,66.68,9159
2025-07-24,65.64,66.15,62.23,62.645,7254
2025-07-25,63.28,63.89,61.21,63.89,13824
2025-07-28,63.915,65.67,61.89,64.35,11125
2025-07-29,64.22,64.84,62.83,64.06,8802
2025-07-30,63.73,64.04,58.16,59.29,11154
2025-07-31,57.47,59.83,57.3,58.02,9419
2025-08-01,59.62,62.96,58.75,62.7,21239
2025-08-04,63.36,66.28,63.01,66.21,9303
2025-08-05,66.44,70.98,66.44,69.22,6478
2025-08-06,69.61,70.92,67.975,67.975,10770
2025-08-07,70.83,72.79,68.67,68.84,15619
2025-08-08,68.97,70.56,68.81,69.77,11237
2025-08-11,70.48,71.5,65.88,68.3,8453
2025-08-12,69.88,74.99,68.46,74.87,16350
2025-08-13,77.065,86.04,76.645,84.89,11465
2025-08-14,78.22,81.32,78.22,81.31,24932
2025-08-15,84.03,84.03,79.91,81.26,16831
2025-08-18,81.01,82.61,79.94,80.13,8857
2025-08-19,82.055,86.055,82.055,83.95,5712
2025-08-20,84.145,85.29,77.54,77.74,16085
2025-08-21,75.33,76.37,73.32,75.89,8939
2025-08-22,76.62,88.94,75.945,87.64,42459
2025-08-25,86.235,86.235,83.81,84.655,15211
2025-08-26,83.15,84.59,82.795,83.06,9633
2025-08-28,82.03,82.44,80.12,82.44,5138
2025-08-29,81.91,83.43,80.665,82.07,9288
2025-09-02,78.55,81.67,78.13,80.75,6658
2025-09-03,80.0,84.19,80.0,82.83,8649
2025-09-04,84.78,90.34,84.78,90.16,7457
2025-09-05,96.645,98.46,93.35,95.66,14842
2025-09-08,94.64,96.91,92.77,96.79,8533
2025-09-09,94.17,94.17,86.21,87.46,26437
2025-09-10,88.01,89.15,85.21,86.68,18736
2025-09-11,88.935,93.65,88.935,93.485,9655
2025-09-12,90.57,92.05,87.845,88.26,16807
2025-09-15,87.41,87.41,82.85,84.475,16768
2025-09-16,84.51,84.51,80.67,83.5,14165
2025-09-17,84.68,91.555,78.91,80.68,52859
2025-09-18,80.175,82.43,78.9,81.9,18785
2025-09-19,78.835,80.39,76.88,77.26,14528
2025-09-22,76.045,76.045,71.79,72.6,18375
2025-09-23,74.07,74.46,71.5,73.0,10019
2025-09-24,72.355,75.66,72.0,73.31,21800
2025-09-25,73.25,73.85,70.0,70.22,16954
2025-09-26,71.32,73.49,70.6,72.89,5994
2025-09-29,73.55,74.42,71.83,73.96,8950
2025-09-30,73.82,74.27,70.91,73.35,11160
2025-10-01,74.26,75.28,73.4,75.19,11836
2025-10-02,74.905,75.83,72.83,75.47,8507
2025-10-03,76.19,78.86,76.19,77.62,21190
2025-10-06,78.175,78.175,72.2,72.73,23629
2025-10-07,69.72,70.15,65.49,65.94,43759
2025-10-08,66.725,66.725,63.41,65.96,25790
2025-10-09,64.975,64.975,60.23,61.03,34734
2025-10-10,61.88,62.27,58.47,58.6,40600
2025-10-13,59.04,59.765,58.27,59.23,17484
2025-10-14,57.82,65.33,57.82,65.03,40586
2025-10-15,65.39,67.2,64.42,64.67,10633
2025-10-16,64.8,64.8,61.69,63.56,14264
2025-10-17,63.3,64.9,62.9,64.9,11752
2025-10-20,66.08,66.96,64.9,65.59,6007
2025-10-21,62.07,69.95,62.02,69.02,20662
2025-10-22,68.18,69.15,65.49,65.56,22126
2025-10-23,65.57,67.16,64.54,66.465,13022
2025-10-24,69.07,69.305,65.875,65.88,11894
2025-10-27,66.24,67.57,65.72,65.94,8642
2025-10-28,61.46,66.96,60.69,65.005,34387
2025-10-29,63.755,65.135,58.28,59.28,58649
2025-10-30,58.415,62.05,58.415,58.505,27012
2025-10-31,57.49,59.15,57.25,59.15,15676
2025-11-03,57.29,57.29,54.855,55.775,21594
2025-11-04,54.55,56.65,54.04,56.03,17436
2025-11-05,56.0,56.63,53.74,55.02,18784
2025-11-06,54.815,54.91,53.76,54.11,12420
2025-11-07,53.78,55.36,53.295,55.35,19659
2025-11-10,55.19,56.4,53.9,55.81,20556
2025-11-11,56.57,57.83,55.9,57.225,11178
2025-11-12,57.225,59.01,56.41,56.72,14554
2025-11-13,55.35,57.6,53.83,53.845,21599
2025-11-14,53.85,55.12,52.635,52.68,17662
2025-11-17,52.2,52.27,47.69,47.71,35241
2025-11-18,46.13,48.27,45.245,47.415,29597
2025-11-19,48.46,48.46,46.85,47.4,18631
2025-11-20,48.305,49.44,46.86,47.3,15954
2025-11-21,48.645,55.675,48.64,54.42,40542
2025-11-24,53.57,54.74,51.89,53.52,20089
2025-11-25,55.1,61.65,55.02,61.09,39949
2025-11-26,60.255,64.62,60.255,63.48,19501
2025-11-28,63.3,63.58,62.54,63.54,14911
2025-12-01,61.19,65.15,61.19,62.9,14567
2025-12-02,62.84,63.57,61.01,62.57,13254
2025-12-03,63.2,66.92,63.2,66.305,17904
2025-12-04,66.37,66.725,61.78,62.15,24337
2025-12-05,61.77,63.425,60.84,60.88,11710
2025-12-08,60.56,60.57,56.89,57.12,32000
2025-12-09,55.53,56.97,54.14,54.29,32683
2025-12-10,55.39,59.97,55.39,59.61,29742
2025-12-11,60.4,63.3,60.36,60.53,20731
2025-12-12,61.27,61.93,59.11,59.92,20900
2025-12-15,61.105,61.495,58.65,59.72,13715
2025-12-16,59.69,60.17,56.49,57.79,18066
2025-12-17,55.61,57.91,54.94,55.87,34604
2025-12-18,57.815,59.03,55.58,55.91,42184
2025-12-19,53.945,54.555,51.79,52.99,30109
2025-12-22,53.215,53.37,52.11,52.33,8662
2025-12-23,52.18,52.18,50.4,51.11,9289
2025-12-24,50.8,52.74,50.8,52.44,11510
2025-12-26,52.31,52.46,51.37,52.43,11367
2025-12-29,52.495,52.76,50.85,51.62,8632
2025-12-30,51.04,51.77,50.61,51.13,8247
2025-12-31,50.57,51.06,49.64,49.64,5721
2026-01-02,49.845,51.97,48.99,51.46,13310
2026-01-05,50.99,54.49,50.99,52.65,24828
2026-01-06,51.185,53.895,49.81,53.75,23519
2026-01-07,54.885,55.98,49.83,49.97,54671
2026-01-08,48.61,57.12,48.42,56.19,63260
2026-01-09,59.02,66.93,59.02,66.51,54697
2026-01-12,66.085,69.72,64.54,68.35,51690
2026-01-13,68.895,70.46,67.88,70.39,27436
2026-01-14,69.89,71.16,66.61,68.32,35791
2026-01-15,69.84,71.345,68.02,71.01,24350
2026-01-16,70.59,72.18,66.93,68.36,42140
2026-01-20,63.625,66.83,63.34,63.56,38013
2026-01-21,64.56,70.62,64.14,68.55,39890
2026-01-22,69.98,71.39,65.405,66.24,29057
2026-01-23,65.96,66.25,61.78,62.6,27307
2026-01-26,63.075,63.66,60.96,61.69,15239
2026-01-27,60.495,60.57,58.43,59.21,17459
2026-01-28,59.05,62.49,58.335,59.06,36106
2026-01-29,59.8,61.97,57.91,59.665,46164
2026-01-30,57.94,58.2,54.985,57.21,70237
2026-02-02,56.85,58.92,56.54,58.16,9213
2026-02-03,58.54,67.62,57.86,61.71,69418
2026-02-04,64.01,69.9,63.97,68.755,66456
2026-02-05,69.12,69.31,66.83,67.685,35264
2026-02-06,68.36,71.94,66.53,69.46,74315
2026-02-09,69.18,70.61,67.27,67.89,23951
2026-02-10,70.07,76.16,70.07,75.7,37790
2026-02-11,73.685,76.37,72.54,76.37,28178
2026-02-12,77.81,81.105,75.515,75.6,44326
2026-02-13,76.705,79.85,76.2,77.62,26816
