Date,Open,High,Low,Close,Volume
2024-02-12,6.879,7.223,6.639,6.826,139320
2024-02-14,7.022,7.139,6.825,7.104,51590
2024-02-23,8.278,8.557,7.719,7.893,65520
2024-03-04,8.904,9.667,8.904,9.181,67160
2024-03-05,9.17,9.35,8.848,9.34,91880
2024-03-06,9.727,10.06,9.69,9.92,64310
2024-03-07,10.23,10.81,10.18,10.81,82190
2024-03-08,11.36,11.89,9.4,9.642,277850
2024-03-11,9.314,9.888,8.938,9.23,118160
2024-03-12,9.7,10.54,9.507,10.54,121280
2024-03-13,10.22,10.4,9.748,10.29,98420
2024-03-14,10.1,10.21,9.362,9.622,93070
2024-03-15,9.493,9.972,9.346,9.602,48850
2024-03-18,10.33,10.58,9.489,9.732,141210
2024-03-19,9.18,10.16,9.028,9.916,72370
2024-03-21,10.54,10.64,10.22,10.28,84510
2024-03-22,10.51,11.12,10.49,11.02,60960
2024-03-25,10.91,11.52,10.89,11.17,64160
2024-03-27,10.44,10.51,9.857,10.1,83270
2024-04-05,9.299,9.625,9.1,9.544,66880
2024-04-09,9.309,9.309,8.508,8.822,98950
2024-04-11,9.434,10.07,9.361,10.06,59620
2024-04-12,9.816,9.816,9.4,9.505,94030
2024-04-15,9.699,9.92,9.024,9.027,68100
2024-04-16,9.119,9.416,9.119,9.329,33440
2024-04-17,9.153,9.156,8.597,8.597,52330
2024-04-18,8.503,9.029,8.3,8.712,70410
2024-04-19,8.387,8.564,6.878,6.967,126210
2024-04-26,8.306,9.182,8.306,9.146,41640
2024-04-30,9.047,9.289,8.841,8.85,96530
2024-05-01,8.553,8.624,7.787,8.166,141820
2024-05-02,8.424,8.743,8.182,8.696,80020
2024-05-03,9.05,9.367,9.032,9.367,51250
2024-05-06,9.5,9.957,9.5,9.93,57810
2024-05-07,9.7,9.815,9.3,9.579,62530
2024-05-10,9.52,9.749,9.385,9.466,46320
2024-05-13,9.598,9.64,9.258,9.532,62000
2024-05-14,9.36,9.821,9.36,9.763,58260
2024-05-15,9.84,10.49,9.84,10.45,85780
2024-05-16,10.45,10.68,10.38,10.38,65390
2024-05-17,10.32,10.37,9.828,9.956,121860
2024-05-20,10.28,10.51,10.27,10.42,49890
2024-05-21,10.16,10.55,10.14,10.46,37600
2024-05-22,10.6,10.6,10.16,10.45,52050
2024-05-23,12.03,12.92,12.01,12.42,278590
2024-05-24,12.58,12.98,12.36,12.98,87120
2024-05-28,13.92,15.11,13.92,14.9,47700
2024-05-29,14.62,15.2,14.13,15.07,59070
2024-05-30,15.02,15.31,13.82,13.99,138540
2024-05-31,14.41,14.42,13.13,13.76,126920
2024-06-03,14.71,15.07,14.43,15.07,71090
2024-06-04,15.24,15.45,14.82,15.44,59540
2024-06-06,17.36,17.84,16.0,16.62,254370
2024-06-07,16.24,16.72,15.82,16.59,276790
2024-06-10,16.57,17.14,15.57,16.83,40500
2024-06-11,16.9,16.9,16.07,16.57,42510
2024-06-12,17.16,18.06,17.15,17.75,64830
2024-06-13,18.91,18.99,18.41,18.95,57160
2024-06-14,19.03,19.85,18.74,19.61,115620
2024-06-17,19.89,20.01,18.96,19.34,67950
2024-06-18,19.4,20.84,19.4,20.73,52000
2024-06-20,21.79,21.99,18.89,19.45,124720
2024-06-21,17.95,19.16,17.41,18.07,156690
2024-06-24,17.09,17.28,15.52,15.52,120520
2024-06-25,16.33,17.65,16.15,17.62,66520
2024-06-26,17.57,18.11,16.85,17.69,53000
2024-06-28,17.22,17.94,16.74,16.88,73250
2024-07-05,17.85,18.26,17.44,17.45,48380
2024-07-08,17.86,18.7,17.82,18.11,71670
2024-07-10,19.51,20.0,19.32,20.0,53080
2024-07-11,20.23,20.32,17.71,17.75,169430
2024-07-15,18.62,18.62,17.7,17.98,51020
2024-07-16,17.78,17.79,16.95,17.47,7490
2024-07-17,15.865,16.08,14.79,15.16,30960
2024-07-18,16.01,16.07,14.8,15.73,31161
2024-07-22,15.58,16.47,15.58,16.44,34771
2024-07-24,15.44,15.44,13.84,13.98,15120
2024-07-25,13.82,14.51,12.46,13.51,24768
2024-07-26,14.14,14.22,13.4,13.56,11120
2024-07-29,14.13,14.24,13.315,13.315,13023
2024-07-30,13.29,13.31,11.195,11.38,26859
2024-07-31,13.12,14.55,13.12,14.45,11730
2024-08-01,14.49,15.06,11.905,12.32,34386
2024-08-02,11.17,12.22,10.7,11.945,48154
2024-08-05,8.605,11.09,8.3,10.435,65913
2024-08-06,11.165,11.9,10.7,11.455,17461
2024-08-07,12.02,12.19,10.05,10.08,54067
2024-08-08,10.565,11.4,9.89,11.34,39390
2024-08-09,11.33,11.49,11.0,11.25,51536
2024-08-12,11.74,12.57,11.64,12.16,42424
2024-08-13,12.89,13.75,12.78,13.75,45955
2024-08-14,14.04,14.29,13.3,14.195,38441
2024-08-15,14.205,15.375,14.05,15.3,24961
2024-08-16,15.08,15.79,15.08,15.69,32397
2024-08-19,15.66,17.085,15.59,17.085,26927
2024-08-20,16.7,16.94,16.09,16.38,35920
2024-08-21,16.3,16.87,16.22,16.67,15602
2024-08-22,17.23,17.23,15.31,15.435,21483
2024-08-23,15.95,16.88,15.87,16.79,40548
2024-08-26,16.83,17.24,15.55,16.07,86925
2024-08-27,15.7,16.75,15.42,16.51,39583
2024-08-28,16.38,16.5,15.07,15.83,48544
2024-08-29,14.54,15.51,13.59,13.83,73155
2024-08-30,14.03,14.74,13.77,14.23,26686
2024-09-03,13.39,13.39,11.33,11.47,28713
2024-09-04,10.95,11.89,10.68,11.085,78293
2024-09-05,10.835,11.8,10.79,11.245,47410
2024-09-06,11.46,11.46,10.0,10.38,72500
2024-09-09,10.8,11.07,10.56,11.06,18453
2024-09-10,11.38,11.57,10.8,11.4,30729
2024-09-11,11.75,13.32,11.31,13.32,50948
2024-09-12,13.2,14.14,13.0,13.77,55456
2024-09-13,13.75,13.915,13.43,13.73,26781
2024-09-16,13.11,13.45,12.64,13.17,29574
2024-09-17,13.38,13.505,12.76,12.89,22999
2024-09-18,12.8,13.35,12.4,12.425,36897
2024-09-19,13.32,13.77,13.32,13.41,31129
2024-09-20,13.36,13.55,12.86,13.01,16075
2024-09-23,13.0,13.1,12.76,12.995,11999
2024-09-24,13.19,14.23,12.91,14.04,36610
2024-09-25,14.3,14.97,14.3,14.61,26228
2024-09-26,15.42,15.61,14.33,14.75,21607
2024-09-27,14.66,14.66,13.66,14.09,56710
2024-09-30,13.38,14.13,13.38,14.09,48329
2024-10-01,14.17,14.35,12.85,13.07,55543
2024-10-02,12.95,13.6,12.68,13.54,49800
2024-10-03,13.98,14.71,13.94,14.4,58926
2024-10-04,14.85,14.88,14.19,14.86,83051
2024-10-07,14.9,16.2,14.9,15.52,74392
2024-10-08,16.14,16.88,15.98,16.76,82559
2024-10-09,17.08,17.15,16.4,16.7,148897
2024-10-10,16.53,17.29,16.39,17.23,123353
2024-10-11,17.035,17.45,17.01,17.24,36362
2024-10-14,17.63,18.44,17.61,18.02,104831
2024-10-15,18.01,18.18,15.63,16.34,160940
2024-10-16,16.9,17.56,16.36,17.37,61785
2024-10-17,18.285,18.69,17.67,17.71,83559
2024-10-18,18.125,18.15,17.77,17.94,73696
2024-10-21,17.98,19.35,17.97,19.34,91072
2024-10-22,19.17,19.6,18.94,19.37,77966
2024-10-23,18.94,18.94,17.72,18.295,69659
2024-10-24,18.64,18.73,18.0,18.49,54740
2024-10-25,18.655,19.46,18.65,18.79,97230
2024-10-28,19.16,19.16,18.4,18.51,101814
2024-10-29,18.48,18.94,18.09,18.7,68420
2024-10-30,18.2,18.4,17.5,18.16,92331
2024-10-31,17.68,17.68,16.29,16.525,86474
2024-11-01,17.11,17.51,16.92,17.08,74341
2024-11-04,17.56,17.915,17.14,17.255,61793
2024-11-05,17.58,18.27,17.58,18.2,37539
2024-11-06,19.02,19.89,18.76,19.68,92477
2024-11-07,19.89,20.53,19.85,20.53,73743
2024-11-08,20.52,20.79,19.84,20.18,180253
2024-11-11,20.46,20.46,19.08,19.55,182675
2024-11-12,19.9,20.64,19.83,20.36,76398
2024-11-13,20.55,20.55,19.69,19.83,86292
2024-11-14,20.15,20.51,19.58,19.93,157062
2024-11-15,19.35,19.425,18.11,18.58,476560
2024-11-18,17.93,18.45,17.34,18.07,251546
2024-11-19,18.39,19.88,18.33,19.84,176556
2024-11-20,19.96,19.96,18.71,19.49,251533
2024-11-21,20.41,21.38,18.2,19.76,523871
2024-11-22,19.64,19.84,18.26,18.46,692747
2024-11-25,18.45,18.45,16.87,16.89,470666
2024-11-26,17.29,17.68,16.82,17.11,218337
2024-11-27,16.61,16.71,15.87,16.71,346889
2024-11-29,17.06,17.68,16.89,17.46,115254
2024-12-02,17.47,17.87,17.29,17.45,225863
2024-12-03,17.45,17.92,17.35,17.88,138033
2024-12-04,18.32,19.235,17.94,19.11,245108
2024-12-05,19.09,19.45,18.8,19.08,102209
2024-12-06,18.95,19.24,18.1,18.38,309326
2024-12-09,17.46,17.71,17.0,17.43,93718
2024-12-10,17.44,18.1,16.16,16.47,163684
2024-12-11,17.07,17.68,16.52,17.49,101123
2024-12-12,16.95,17.25,16.66,17.0,126596
2024-12-13,17.36,17.51,15.82,16.2,133316
2024-12-16,16.18,16.19,15.3,15.66,144692
2024-12-17,14.94,15.53,14.47,15.24,223041
2024-12-18,16.07,16.72,14.82,14.9,326323
2024-12-19,15.54,16.06,15.08,15.32,178985
2024-12-20,15.085,16.37,14.75,16.3,232406
2024-12-24,15.35,15.78,15.09,15.38,297327
2024-12-26,15.27,15.5,14.85,15.31,108031
2024-12-27,15.0,15.085,14.18,14.67,126434
2024-12-30,14.28,15.29,14.09,14.73,170523
2024-12-31,14.805,14.805,13.95,14.05,297634
2025-01-02,14.39,14.98,14.19,14.9,176218
2025-01-03,15.37,16.24,15.37,16.21,139087
2025-01-06,17.09,17.88,16.955,17.27,181335
2025-01-07,18.11,18.12,15.11,15.15,341942
2025-01-08,15.66,15.87,14.62,15.1,65664
2025-01-10,14.52,14.52,13.83,14.17,184372
2025-01-13,12.92,13.64,12.88,13.62,97259
2025-01-14,14.2,14.205,13.0,13.295,119873
2025-01-15,13.64,14.21,13.36,14.19,119829
2025-01-16,14.57,14.65,13.65,13.69,114320
2025-01-17,14.2,14.6,14.02,14.47,122843
2025-01-21,14.76,15.3,14.34,15.07,165617
2025-01-22,15.91,16.52,15.73,16.42,188565
2025-01-23,15.96,16.44,15.7,16.43,131229
2025-01-24,16.68,16.68,15.26,15.41,83555
2025-01-27,11.55,12.215,9.815,10.17,457085
2025-01-28,10.74,11.93,9.82,11.93,712490
2025-01-29,11.5,11.565,10.34,10.98,462177
2025-01-30,10.905,11.18,10.025,11.15,223841
2025-01-31,10.99,11.675,10.17,10.33,579530
2025-02-03,9.37,10.03,9.12,9.72,578383
2025-02-04,9.74,10.46,9.735,10.04,197364
2025-02-05,10.565,11.1,10.42,11.1,440752
2025-02-06,11.54,11.76,11.18,11.755,221148
2025-02-07,11.87,12.01,11.57,11.98,326530
2025-02-10,12.17,12.87,12.17,12.625,292252
2025-02-11,12.43,12.79,12.25,12.5,220901
2025-02-12,11.93,12.345,11.8,12.16,244986
2025-02-13,12.22,13.11,12.22,12.92,353623
2025-02-14,13.14,13.64,12.97,13.57,240081
2025-02-18,14.165,14.44,13.41,13.67,401575
2025-02-19,13.71,14.01,13.26,13.67,142985
2025-02-20,13.83,13.9,13.2,13.81,277417
2025-02-21,13.71,14.02,12.61,12.67,290325
2025-02-24,13.12,13.44,11.87,11.87,471809
2025-02-25,11.82,11.84,10.84,11.19,468867
2025-02-26,11.79,12.42,11.55,12.02,635083
2025-02-27,12.67,12.67,10.065,10.11,372220
2025-02-28,9.61,10.755,9.35,10.75,390427
2025-03-03,10.52,10.53,8.605,8.88,875258
2025-03-04,8.35,9.675,8.28,9.25,471071
2025-03-05,9.42,9.52,8.96,9.37,615789
2025-03-06,8.66,9.06,8.25,8.32,631445
2025-03-07,8.37,8.71,7.85,8.625,369486
2025-03-11,7.77,8.47,7.48,7.995,551857
2025-03-12,8.76,9.13,8.61,9.02,509790
2025-03-13,9.19,9.3,8.72,8.98,476986
2025-03-14,9.43,9.93,9.4,9.89,330534
2025-03-17,10.08,10.08,9.34,9.56,345907
2025-03-18,9.3,9.45,8.77,8.895,683231
2025-03-19,9.15,9.64,8.94,9.2,372597
2025-03-20,9.09,9.6,9.09,9.35,293475
2025-03-21,9.1,9.26,8.87,9.22,249223
2025-03-24,9.625,9.92,9.48,9.785,266867
2025-03-25,9.62,9.75,9.4,9.65,214301
2025-03-26,9.28,9.32,8.41,8.545,345300
2025-03-27,8.12,8.64,8.1,8.19,229366
2025-03-28,8.15,8.4,7.85,7.925,224154
2025-03-31,7.26,7.81,7.08,7.78,368719
2025-04-01,7.8,7.99,7.5,7.99,215028
2025-04-02,7.54,8.24,7.54,8.01,222333
2025-04-03,7.01,7.32,6.755,6.78,255271
2025-04-04,6.375,6.44,5.47,5.765,550043
2025-04-07,4.92,6.64,4.85,6.165,838495
2025-04-08,6.95,7.2,5.79,6.04,611547
2025-04-09,6.25,8.32,6.17,8.22,1419880
2025-04-10,7.51,7.7,6.65,7.255,644599
2025-04-11,7.375,7.75,7.25,7.68,521611
2025-04-14,8.15,8.15,7.44,7.66,628897
2025-04-15,7.74,8.02,7.67,7.85,232298
2025-04-16,6.77,7.1,6.24,6.78,475041
2025-04-17,6.725,6.74,6.19,6.365,528111
2025-04-21,6.08,6.08,5.57,5.78,286982
2025-04-22,6.01,6.125,5.85,6.03,236011
2025-04-23,6.71,6.73,6.42,6.495,719693
2025-04-24,6.63,6.96,6.59,6.945,248541
2025-04-25,7.0,7.64,6.87,7.535,395295
2025-04-28,7.38,7.38,6.9,7.23,142031
2025-04-29,7.09,7.405,7.09,7.25,359981
2025-04-30,6.625,7.23,6.625,7.22,523343
2025-05-01,7.79,8.035,7.56,7.59,401221
2025-05-02,7.94,8.08,7.83,7.99,347378
2025-05-05,7.745,8.0,7.725,7.88,296576
2025-05-06,7.555,8.0,7.49,7.83,243763
2025-05-07,7.73,8.385,7.72,8.34,258611
2025-05-08,8.53,8.53,8.17,8.365,272037
2025-05-09,8.36,8.47,8.06,8.25,351823
2025-05-12,9.005,9.14,8.76,9.14,403010
2025-05-13,9.36,10.36,9.36,10.175,228258
2025-05-14,10.68,11.02,10.45,11.015,722304
2025-05-15,10.82,11.13,10.6,10.94,190686
2025-05-16,11.145,11.15,10.69,11.0,411308
2025-05-19,10.5,11.03,10.5,11.03,112436
2025-05-20,10.82,10.86,10.59,10.83,158859
2025-05-21,10.69,11.3,10.215,10.42,318847
2025-05-22,10.48,10.78,10.41,10.55,479326
2025-05-23,10.08,10.52,9.99,10.3,192505
2025-05-27,10.73,10.98,10.63,10.96,201550
2025-05-28,11.03,11.22,10.85,10.9,100623
2025-05-29,12.02,12.23,11.34,11.54,660184
2025-05-30,11.47,11.59,10.5,10.82,311927
2025-06-02,10.91,11.32,10.91,11.22,302682
2025-06-03,11.37,11.96,11.35,11.84,259380
2025-06-04,12.0,12.005,11.56,11.95,264528
2025-06-05,12.0,12.29,11.48,11.61,441510
2025-06-06,12.02,12.13,11.87,11.88,269553
2025-06-09,12.14,12.43,11.93,12.03,555289
2025-06-10,12.05,12.29,11.85,12.24,222824
2025-06-11,12.4,12.4,11.93,12.065,325461
2025-06-12,12.02,12.42,12.02,12.42,370784
2025-06-13,12.11,12.14,11.7,11.89,419435
2025-06-16,12.235,12.56,12.18,12.31,265069
2025-06-17,12.28,12.4,12.22,12.24,385179
2025-06-18,12.17,12.47,12.07,12.45,389451
2025-06-20,12.44,12.54,11.98,12.17,477837
2025-06-23,11.94,12.31,11.88,12.225,612788
2025-06-24,12.45,12.84,12.45,12.84,348392
2025-06-25,13.175,13.96,13.15,13.94,434348
2025-06-26,14.22,14.37,13.9,14.07,334353
2025-06-27,14.235,14.66,14.15,14.545,253846
2025-06-30,14.65,14.7,14.25,14.605,289238
2025-07-01,14.36,14.36,13.38,13.71,197640
2025-07-02,13.66,14.45,13.66,14.42,250850
2025-07-03,14.6,15.03,14.5,14.74,189152
2025-07-07,14.55,14.71,14.43,14.56,199968
2025-07-08,14.76,14.9,14.61,14.87,178938
2025-07-09,15.09,15.66,15.09,15.39,351222
2025-07-10,15.675,15.69,15.15,15.61,152237
2025-07-11,15.515,16.3,15.51,15.76,111151
2025-07-14,15.83,15.83,15.19,15.59,190981
2025-07-15,16.925,17.16,16.56,16.835,199813
2025-07-16,16.9,17.025,16.49,16.96,222570
2025-07-17,17.1,17.5,16.88,17.29,291212
2025-07-18,17.41,17.43,16.92,17.125,148811
2025-07-21,17.2,17.26,16.9,16.915,134873
2025-07-22,16.89,16.89,15.585,16.05,348121
2025-07-23,16.56,16.83,16.23,16.74,159825
2025-07-24,17.065,17.35,16.93,17.34,134444
2025-07-25,17.31,17.51,17.17,17.28,124068
2025-07-28,17.38,17.9,17.37,17.89,78365
2025-07-29,18.165,18.41,17.61,17.65,142221
2025-07-30,17.865,18.51,17.78,18.4,84472
2025-07-31,19.115,19.16,17.73,18.12,216016
2025-08-01,17.3,17.79,16.67,17.22,267641
2025-08-04,17.515,18.46,17.47,18.46,166639
2025-08-05,18.31,18.5,17.63,18.1,135663
2025-08-06,17.77,18.41,17.77,18.325,114856
2025-08-07,18.78,19.19,18.23,18.605,213502
2025-08-08,18.635,19.09,18.53,18.98,100037
2025-08-11,18.86,19.19,18.48,18.83,71730
2025-08-12,19.005,19.065,18.33,19.05,84111
2025-08-13,18.93,19.2,18.26,18.71,126712
2025-08-14,18.335,18.99,18.31,18.79,68787
2025-08-15,18.73,18.73,18.0,18.45,88473
2025-08-18,18.55,18.94,18.55,18.76,48559
2025-08-19,18.84,18.84,17.415,17.46,143758
2025-08-20,17.22,17.41,16.1,17.38,146972
2025-08-21,17.265,17.63,17.08,17.28,77585
2025-08-22,16.81,17.98,16.54,17.87,181218
2025-08-25,17.92,18.61,17.59,18.21,132109
2025-08-26,18.245,18.735,18.05,18.61,81028
2025-08-27,18.67,18.755,18.105,18.56,191253
2025-08-28,18.41,19.08,17.58,18.25,184183
2025-08-29,17.82,17.82,16.84,17.02,453797
2025-09-02,16.17,16.64,15.67,16.36,225567
2025-09-03,16.375,16.625,15.99,16.305,144752
2025-09-04,16.285,16.49,16.12,16.49,165519
2025-09-05,15.78,15.9,15.05,15.595,259952
2025-09-08,15.67,16.31,15.67,15.83,116726
2025-09-09,15.955,16.31,15.54,16.27,116781
2025-09-10,17.39,17.88,17.19,17.515,149712
2025-09-11,17.99,18.09,17.36,17.48,141601
2025-09-12,17.58,17.725,17.34,17.59,86900
2025-09-15,17.105,17.61,16.94,17.56,83113
2025-09-16,17.495,17.495,16.92,16.99,120141
2025-09-17,16.54,16.62,15.73,16.065,219274
2025-09-18,16.775,17.36,16.59,17.215,160636
2025-09-19,17.13,17.53,17.055,17.25,249176
2025-09-22,17.0,18.79,16.88,18.62,252988
2025-09-23,18.26,18.29,17.36,17.565,115513
2025-09-24,17.8,17.8,16.98,17.255,145346
2025-09-25,16.76,17.88,16.61,17.38,157850
2025-09-26,17.36,17.49,16.84,17.47,123963
2025-09-29,17.89,18.6,17.89,18.19,162545
2025-09-30,18.205,19.25,18.13,19.1,164468
2025-10-01,18.83,19.43,18.575,19.245,186826
2025-10-02,19.715,20.025,19.46,19.58,77239
2025-10-03,19.625,19.85,18.87,19.275,111393
2025-10-06,18.85,19.175,18.435,18.85,97678
2025-10-07,18.98,19.54,18.665,18.75,255873
2025-10-08,19.1,19.595,19.1,19.555,144785
2025-10-09,20.125,20.81,19.96,20.26,109208
2025-10-10,20.435,20.88,18.23,18.27,399872
2025-10-13,19.215,19.63,18.84,19.285,239462
2025-10-14,18.51,18.51,17.52,17.57,264966
2025-10-15,18.33,18.33,17.06,17.52,239450
2025-10-16,17.97,18.18,17.53,17.91,208309
2025-10-17,17.605,18.31,17.49,18.16,180645
2025-10-20,18.14,18.52,17.955,18.02,52378
2025-10-21,18.05,18.05,17.5,17.74,66718
2025-10-22,17.76,18.17,16.88,17.56,151153
2025-10-23,17.585,18.08,17.46,17.92,81090
2025-10-24,18.22,18.92,18.2,18.69,89966
2025-10-27,19.44,19.79,19.13,19.73,91485
2025-10-28,20.06,22.1,19.84,21.71,364035
2025-10-29,23.185,24.09,22.56,23.03,282578
2025-10-30,22.63,22.765,21.75,22.05,202977
2025-10-31,22.81,23.14,21.88,21.95,92910
2025-11-03,23.13,23.82,22.8,22.86,110462
2025-11-04,22.01,22.225,20.92,21.04,101965
2025-11-05,21.055,21.91,20.29,20.31,139068
2025-11-06,20.57,20.79,18.48,18.83,351025
2025-11-07,18.14,18.77,17.005,18.76,168318
2025-11-10,20.21,21.15,19.94,20.96,142112
2025-11-11,20.15,20.18,19.36,19.75,134477
2025-11-12,20.25,20.265,19.32,19.86,119380
2025-11-13,19.33,19.33,17.87,18.44,95265
2025-11-14,17.595,19.23,17.185,19.03,162161
2025-11-17,18.2,18.79,17.9,18.345,55361
2025-11-18,17.65,17.93,16.98,17.28,380809
2025-11-19,17.965,18.5,17.58,18.31,233983
2025-11-20,20.09,20.1,16.965,17.16,415368
2025-11-21,17.205,17.8,15.65,16.75,663379
2025-11-24,16.855,17.59,16.3,17.495,283244
2025-11-25,15.905,16.57,14.97,16.515,328964
2025-11-26,17.225,17.425,16.64,16.95,139656
2025-11-28,16.685,16.75,16.24,16.32,151688
2025-12-01,15.905,16.91,15.72,16.86,120053
2025-12-02,17.18,17.895,16.87,17.135,163553
2025-12-03,17.055,17.3,16.715,16.77,111513
2025-12-04,17.1,17.64,16.85,17.46,70543
2025-12-05,17.55,17.665,17.0,17.265,105727
2025-12-08,17.28,18.3,17.25,17.81,183529
2025-12-09,17.83,17.84,17.42,17.72,95724
2025-12-10,17.7,17.78,17.16,17.475,112252
2025-12-11,16.805,16.99,16.125,16.95,174889
2025-12-12,16.97,17.245,15.74,15.82,152079
2025-12-15,16.32,16.36,15.81,16.01,73559
2025-12-16,16.0,16.355,15.785,16.255,113395
2025-12-17,15.965,15.965,14.93,15.02,107163
2025-12-18,15.645,15.92,15.185,15.56,90684
2025-12-19,15.995,16.79,15.975,16.77,135200
2025-12-22,17.28,17.32,17.03,17.26,197376
2025-12-23,17.115,18.305,17.11,18.28,283188
2025-12-24,17.47,17.61,17.23,17.59,49604
2025-12-26,17.815,18.31,17.815,17.92,127188
2025-12-29,17.385,17.58,17.11,17.48,133938
2025-12-30,17.46,17.585,17.245,17.35,106612
2025-12-31,17.69,17.84,17.15,17.16,96968
2026-01-02,17.73,18.29,17.45,17.54,188556
2026-01-05,18.12,18.42,17.05,17.39,227019
2026-01-06,17.82,18.15,17.17,17.23,350122
2026-01-07,17.435,17.98,17.165,17.58,137277
2026-01-08,17.565,17.565,16.59,16.815,126745
2026-01-09,16.8,16.97,16.555,16.755,181836
2026-01-12,16.445,17.14,16.445,16.76,179141
2026-01-13,16.74,17.32,16.49,16.9,154308
2026-01-14,16.605,16.605,16.01,16.42,211237
2026-01-15,17.03,17.58,17.0,17.11,245761
2026-01-16,17.41,17.68,16.92,16.92,92769
2026-01-20,16.105,16.21,15.39,15.45,385225
2026-01-21,15.605,16.69,15.53,16.34,238157
2026-01-22,16.61,16.83,16.45,16.61,132299
2026-01-23,17.075,17.41,16.98,17.09,211408
2026-01-26,17.0,17.34,16.785,16.855,262921
2026-01-27,16.955,17.49,16.73,17.24,184735
2026-01-28,17.695,17.92,17.48,17.76,75566
2026-01-29,17.72,18.115,16.77,17.93,151627
2026-01-30,17.66,18.24,17.4,17.7,100970
2026-02-02,16.94,17.48,16.52,16.65,157253
2026-02-03,16.74,16.74,14.96,15.7,256134
2026-02-04,15.525,15.525,14.225,14.625,105736
2026-02-05,14.715,15.045,14.11,14.22,196488
2026-02-06,14.96,16.69,14.735,16.415,276732
2026-02-09,16.22,17.88,16.2,17.22,303491
2026-02-10,17.595,17.69,16.91,16.97,105193
2026-02-11,17.665,17.8,17.01,17.23,126266
2026-02-12,17.765,17.795,16.61,16.655,175823
2026-02-13,16.69,16.715,15.7,15.89,143957
