Date,Open,High,Low,Close,Volume
2022-01-06,33.655,34.4,31.88,33.89,3096
2022-03-30,22.81,22.99,20.77,20.82,7955
2022-04-22,18.07,18.28,16.81,16.81,5983
2022-05-20,9.43,9.43,8.39,9.2,5338
2022-06-16,8.35,8.35,7.91,7.93,3317
2022-08-11,12.74,13.09,12.365,12.49,9668
2022-08-17,14.02,14.02,13.18,13.42,4997
2022-09-01,8.71,8.9,8.33,8.75,5510
2022-09-08,9.21,9.21,8.82,9.11,2824
2022-09-20,8.22,8.22,7.77,7.96,6642
2022-09-26,6.93,7.165,6.53,6.53,15049
2022-10-03,6.19,6.6,6.1,6.57,19727
2022-10-13,6.13,7.095,6.11,6.965,8091
2022-10-18,7.51,7.51,6.96,7.09,6369
2022-10-21,6.24,6.79,6.24,6.79,4535
2023-06-05,5.67,5.67,5.465,5.515,6681
2023-06-30,6.87,7.065,6.87,7.01,15358
2023-07-18,7.85,7.935,7.655,7.805,2846
2023-10-11,5.71,5.72,5.43,5.55,4625
2023-10-17,5.69,5.985,5.69,5.85,3659
2023-11-10,5.285,5.36,5.125,5.36,6812
2023-11-15,6.295,6.615,6.295,6.42,8892
2023-11-20,6.205,6.38,6.205,6.35,4985
2023-11-21,6.14,6.32,6.14,6.29,6339
2023-12-20,9.05,9.265,8.76,8.76,4851
2024-01-24,8.08,8.08,7.69,7.74,4634
2024-02-09,8.625,9.01,8.625,9.0,19788
2024-02-12,9.42,9.61,9.38,9.56,55044
2024-02-21,9.085,9.115,8.8,8.92,6708
2024-03-07,10.09,10.2,9.965,10.0,6671
2024-04-15,8.39,8.42,8.05,8.05,4377
2024-04-16,7.83,8.14,7.83,8.11,5154
2024-04-17,8.24,8.24,7.895,7.97,3500
2024-04-18,7.99,8.23,7.94,7.94,3700
2024-07-29,9.88,9.895,9.655,9.725,5826
2024-08-01,10.36,10.36,9.25,9.48,5418
2024-08-02,8.71,8.71,8.29,8.55,11941
2024-08-05,7.46,8.17,7.44,7.95,6267
2024-08-06,7.87,8.385,7.85,8.15,7184
2024-08-09,8.12,8.32,8.12,8.27,3697
2024-08-12,8.23,8.23,8.025,8.025,9340
2024-09-04,8.49,8.6,8.3,8.35,7837
2024-09-06,8.3,8.3,7.785,7.79,6862
2024-10-04,9.02,9.33,9.0,9.12,12238
2024-11-06,9.88,10.02,9.5,9.725,13159
2024-11-08,9.84,9.93,9.77,9.83,6821
2024-11-12,10.3,10.3,9.84,9.97,3946
2024-11-14,10.01,10.2,9.9,9.91,3375
2024-11-18,9.8,9.86,9.56,9.605,6304
2024-11-19,9.35,9.55,9.15,9.47,7801
2024-11-20,9.2,9.22,9.02,9.22,4158
2024-11-22,10.16,10.47,10.12,10.465,8155
2024-11-25,10.96,11.91,10.96,11.61,13823
2024-11-27,11.3,11.3,11.14,11.17,5739
2024-12-05,11.27,11.27,10.96,10.96,7649
2024-12-06,11.34,11.53,11.27,11.37,9067
2024-12-13,11.32,11.335,10.98,11.18,52673
2024-12-19,10.48,10.52,9.92,9.98,9303
2024-12-20,10.04,10.69,10.01,10.41,5256
2025-01-15,9.55,9.57,9.335,9.385,8513
2025-01-27,10.09,10.17,9.89,10.04,11709
2025-01-28,10.1,10.3,10.05,10.25,7001
2025-01-29,10.19,10.19,9.97,10.1,5358
2025-01-30,10.53,10.605,10.4,10.48,5776
2025-01-31,10.39,10.51,9.91,9.96,10690
2025-02-03,9.08,9.7,9.08,9.43,44769
2025-02-04,9.53,9.82,9.51,9.75,4642
2025-02-06,10.21,10.27,9.84,9.86,14003
2025-02-07,9.58,9.58,9.195,9.2,7043
2025-02-13,9.49,9.68,9.42,9.64,3777
2025-02-20,9.12,9.12,8.79,8.98,6993
2025-02-21,8.81,8.81,8.05,8.1,15634
2025-02-24,8.15,8.32,7.99,8.18,4282
2025-02-25,8.44,8.44,8.11,8.28,11093
2025-02-26,8.26,8.35,7.97,7.98,9675
2025-02-27,7.96,7.96,7.49,7.5,7693
2025-02-28,7.58,7.72,7.43,7.72,9247
2025-03-03,7.78,7.78,6.94,6.97,8622
2025-03-04,6.705,7.0,6.41,6.7,49093
2025-03-05,6.71,6.88,6.46,6.88,19957
2025-03-06,6.68,7.03,6.68,6.715,21545
2025-03-07,6.64,6.97,6.44,6.945,23449
2025-03-11,6.29,6.44,5.99,6.165,45094
2025-03-12,6.23,6.25,5.87,5.93,14994
2025-03-13,5.88,5.9,5.39,5.53,21292
2025-03-14,5.69,5.77,5.59,5.75,9094
2025-03-17,5.89,6.2,5.86,6.19,22308
2025-03-18,6.06,6.06,5.84,5.875,21205
2025-03-19,5.97,6.29,5.96,6.185,32441
2025-03-20,6.11,6.35,6.07,6.08,17388
2025-03-21,5.83,6.16,5.74,6.11,26856
2025-03-24,6.44,6.74,6.42,6.74,17219
2025-03-25,6.68,6.68,6.44,6.52,31321
2025-03-26,6.48,6.54,6.38,6.46,10430
2025-03-27,6.34,6.6,6.26,6.415,16540
2025-03-28,6.28,6.28,5.83,5.95,17330
2025-03-31,5.7,6.16,5.7,6.11,27453
2025-04-01,6.14,6.35,6.12,6.31,17958
2025-04-02,6.16,6.76,6.16,6.73,24437
2025-04-03,5.55,5.64,4.91,5.115,75035
2025-04-04,4.6,5.38,4.46,4.91,225931
2025-04-07,4.37,5.47,4.19,4.82,252538
2025-04-08,5.22,5.3,4.125,4.28,169613
2025-04-09,4.29,5.68,4.23,5.51,208620
2025-04-10,5.11,5.16,4.58,5.03,123675
2025-04-11,4.96,5.1,4.62,5.075,56889
2025-04-14,5.31,5.32,4.9,5.17,82692
2025-04-15,5.13,5.25,4.86,4.93,107750
2025-04-16,4.87,4.955,4.63,4.76,35132
2025-04-17,4.88,5.1,4.775,5.1,39701
2025-04-21,4.94,4.98,4.67,4.89,25462
2025-04-22,5.03,5.37,5.03,5.23,87572
2025-04-23,5.71,5.94,5.27,5.28,165025
2025-04-24,5.2,5.56,5.18,5.54,62225
2025-04-25,5.38,5.54,5.37,5.54,40050
2025-04-28,5.6,5.67,5.4,5.58,22502
2025-04-29,5.52,5.68,5.41,5.66,37480
2025-04-30,5.33,5.6,5.19,5.57,21594
2025-05-01,5.58,5.83,5.58,5.67,21400
2025-05-02,6.01,6.12,5.92,6.04,49915
2025-05-05,5.95,6.165,5.95,5.95,35849
2025-05-06,5.78,5.885,5.69,5.8,36220
2025-05-07,6.05,6.06,5.82,5.91,37996
2025-05-08,6.05,6.32,6.025,6.19,37904
2025-05-09,6.16,6.16,5.93,5.98,24665
2025-05-12,6.88,7.2,6.77,7.02,314934
2025-05-13,7.1,7.24,6.95,7.025,57670
2025-05-14,6.91,7.17,6.87,6.96,33476
2025-05-15,7.03,7.275,7.0,7.27,39722
2025-05-16,7.33,7.61,7.31,7.56,23201
2025-05-19,7.27,7.56,7.27,7.495,24321
2025-05-20,7.51,7.69,7.48,7.585,13699
2025-05-21,7.19,7.225,6.86,6.89,48721
2025-05-22,7.04,7.32,7.04,7.26,18800
2025-05-23,6.78,7.07,6.78,7.0,13755
2025-05-27,7.15,7.48,7.11,7.47,19146
2025-05-28,7.7,7.75,7.39,7.46,10577
2025-05-29,7.59,7.59,7.16,7.335,15550
2025-05-30,7.13,7.43,7.13,7.39,27199
2025-06-02,7.27,7.42,7.075,7.41,15406
2025-06-03,7.57,7.86,7.57,7.8,10337
2025-06-04,7.76,7.76,7.55,7.64,8915
2025-06-05,7.7,7.92,7.66,7.78,28906
2025-06-06,8.0,8.03,7.85,8.025,20440
2025-06-09,8.18,8.21,8.11,8.155,16686
2025-06-10,8.29,8.29,8.13,8.15,18129
2025-06-11,8.1,8.17,7.89,7.89,16992
2025-06-12,7.57,7.68,7.54,7.62,4076
2025-06-13,7.38,7.54,7.02,7.09,40187
2025-06-16,7.29,7.62,7.28,7.58,18424
2025-06-17,7.47,7.6,7.35,7.35,15822
2025-06-20,7.6,7.6,7.45,7.54,17399
2025-06-23,7.36,7.7,7.28,7.67,18430
2025-06-27,7.605,7.79,7.54,7.67,8737
2025-06-30,7.68,7.68,7.48,7.6,17419
2025-07-01,7.75,8.52,7.75,8.265,20648
2025-07-02,8.31,8.52,8.12,8.52,20333
2025-07-03,8.53,8.69,8.53,8.64,6966
2025-07-07,8.49,8.58,8.29,8.425,13062
2025-07-08,8.58,8.58,8.25,8.4,10508
2025-07-11,8.53,8.61,8.46,8.53,12207
2025-07-14,8.485,8.7,8.45,8.68,14467
2025-07-15,8.56,8.6,8.14,8.14,14819
2025-07-16,8.2,8.28,7.91,8.12,21559
2025-07-17,8.22,8.29,8.11,8.25,7661
2025-07-22,8.975,9.31,8.8,9.245,26581
2025-07-23,9.29,9.39,9.15,9.32,8707
2025-07-24,9.295,9.3,8.85,8.87,12531
2025-07-28,8.86,8.99,8.76,8.88,6873
2025-07-29,8.79,8.79,8.415,8.415,7450
2025-07-30,8.495,8.51,8.05,8.14,17931
2025-08-01,7.73,7.74,7.36,7.68,15961
2025-08-04,7.92,8.17,7.92,8.17,4400
2025-08-06,8.4,8.735,8.4,8.735,5650
2025-08-07,9.025,9.12,8.58,8.69,10361
2025-08-08,8.67,8.78,8.49,8.53,4020
2025-08-11,8.685,8.685,8.535,8.625,10054
2025-08-13,9.2,9.96,9.2,9.895,11561
2025-08-14,9.38,9.54,9.27,9.475,8155
2025-08-15,9.6,9.6,9.33,9.4,5015
2025-08-18,9.42,9.66,9.39,9.64,10756
2025-08-20,9.49,9.54,9.32,9.44,7683
2025-08-21,9.11,9.28,9.04,9.25,12687
2025-08-22,9.43,10.1,9.42,9.945,15631
2025-08-25,9.83,9.85,9.69,9.73,16403
2025-08-26,9.7,9.85,9.6,9.71,11375
2025-08-27,9.79,10.225,9.79,10.21,10029
2025-08-28,10.47,10.47,9.805,9.95,12567
2025-08-29,9.85,9.93,9.52,9.53,5865
2025-09-02,9.25,9.59,9.25,9.58,27202
2025-09-03,9.705,9.74,9.61,9.715,8663
2025-09-04,9.94,10.48,9.94,10.47,22377
2025-09-05,10.58,10.685,10.38,10.62,23872
2025-09-08,10.44,10.66,10.33,10.66,25965
2025-09-09,10.36,10.42,10.14,10.39,7107
2025-09-10,10.32,10.32,10.135,10.265,7424
2025-09-11,10.46,10.88,10.46,10.88,10851
2025-09-12,10.64,10.64,10.135,10.135,5031
2025-09-15,10.23,10.59,10.22,10.545,10773
2025-09-16,10.5,10.575,10.2,10.535,6340
2025-09-17,10.73,11.21,10.575,10.575,7601
2025-09-22,10.43,10.43,10.14,10.26,6174
2025-09-23,10.34,10.6,10.33,10.35,9635
2025-09-24,10.51,10.66,10.395,10.43,4764
2025-09-25,9.97,9.98,9.79,9.92,6820
2025-09-26,10.0,10.22,9.94,10.185,5716
2025-09-29,10.15,10.27,9.91,10.27,6561
2025-09-30,10.18,10.205,9.78,10.055,6282
2025-10-01,10.04,10.24,9.9,10.135,3501
2025-10-03,10.355,10.56,10.305,10.305,9056
2025-10-06,10.04,10.11,9.74,9.74,7964
2025-10-07,9.67,9.71,9.26,9.325,7111
2025-10-08,9.365,9.52,9.33,9.46,5060
2025-10-09,9.36,9.36,9.08,9.1,4997
2025-10-10,9.09,9.11,8.26,8.28,15685
2025-10-13,8.68,9.08,8.68,9.07,7692
2025-10-14,8.83,9.64,8.8,9.52,8749
2025-10-15,9.69,9.99,9.54,9.57,14892
2025-10-16,9.5,9.57,9.0,9.16,9205
2025-10-17,9.13,9.24,9.08,9.17,16364
2025-10-20,9.38,9.5,9.35,9.43,6603
2025-10-21,9.33,9.77,9.3,9.62,5029
2025-10-22,9.57,9.59,9.28,9.465,16231
2025-10-23,9.345,9.58,9.3,9.52,7463
2025-10-24,9.745,9.79,9.395,9.405,10371
2025-10-27,9.69,9.85,9.59,9.62,7454
2025-10-28,9.43,9.85,9.43,9.61,7695
2025-10-29,9.435,9.445,8.81,8.945,11151
2025-10-30,8.59,8.6,8.17,8.205,26418
2025-10-31,8.03,8.205,7.95,8.155,12278
2025-11-03,8.02,8.17,7.865,8.155,9557
2025-11-04,7.89,7.95,7.77,7.81,5683
2025-11-05,7.795,8.47,7.76,8.195,19154
2025-11-06,7.76,7.83,7.435,7.445,11087
2025-11-07,7.36,7.86,7.36,7.76,11027
2025-11-10,7.79,7.92,7.7,7.855,8471
2025-11-11,8.01,8.16,7.955,8.07,8840
2025-11-12,8.26,8.45,8.21,8.22,10421
2025-11-13,8.41,8.42,7.875,7.92,6376
2025-11-14,7.745,7.88,7.67,7.76,9112
2025-11-17,7.665,7.85,7.33,7.38,14449
2025-11-18,7.2,7.51,7.19,7.39,11650
2025-11-19,7.35,7.465,7.2,7.275,6507
2025-11-20,7.46,7.555,6.99,6.99,19480
2025-11-21,7.29,7.83,7.29,7.685,28059
2025-11-24,7.7,7.8,7.54,7.57,15984
2025-11-25,8.07,8.72,7.93,8.605,13986
2025-11-26,8.75,9.14,8.75,9.01,14213
2025-12-01,8.84,9.28,8.84,9.055,16750
2025-12-02,8.925,9.01,8.83,8.935,16813
2025-12-03,9.08,9.465,9.08,9.31,12479
2025-12-04,9.465,9.47,8.995,9.195,15343
2025-12-05,9.32,9.795,9.31,9.54,10957
2025-12-08,9.55,9.62,9.36,9.46,9260
2025-12-10,9.66,10.22,9.66,10.12,9729
2025-12-11,10.37,10.5,10.25,10.37,12071
2025-12-12,10.46,10.5,10.03,10.11,78553
2025-12-16,10.1,10.14,9.72,9.86,7496
2025-12-17,9.965,10.16,9.83,9.845,23466
2025-12-18,10.12,10.28,9.865,9.865,11563
2025-12-19,9.805,9.94,9.77,9.915,17183
2025-12-22,9.95,10.0,9.795,9.865,10366
2025-12-26,9.78,9.97,9.775,9.875,8273
2025-12-29,9.755,9.755,9.62,9.65,6355
2026-01-02,9.3,9.47,9.175,9.4,7446
2026-01-06,9.74,10.54,9.74,10.49,6870
2026-01-08,10.305,11.0,10.305,10.7,6029
2026-01-09,10.95,10.96,10.16,10.815,18279
2026-01-12,10.29,10.935,10.205,10.74,6553
2026-01-13,10.85,10.89,10.73,10.885,17641
2026-01-14,10.815,11.02,10.53,10.665,21283
2026-01-15,10.66,11.15,10.61,11.08,6616
2026-01-16,10.805,11.03,10.795,10.87,8571
2026-01-20,10.34,10.61,10.12,10.265,10595
2026-01-21,10.62,11.045,10.59,10.85,29080
2026-01-22,11.27,11.27,10.54,10.585,11452
2026-01-26,10.39,10.42,10.15,10.28,15699
2026-01-27,9.97,10.15,9.91,10.13,12991
2026-01-28,10.04,10.095,9.67,9.765,10986
2026-01-29,9.61,9.83,9.34,9.45,17003
2026-01-30,9.35,9.54,9.23,9.41,9288
2026-02-03,9.91,10.4,9.81,9.94,12128
2026-02-04,10.16,10.545,9.98,10.425,31609
2026-02-05,10.39,10.39,9.595,9.68,11498
2026-02-06,10.14,10.49,10.07,10.49,8683
2026-02-10,10.11,10.195,9.68,9.68,7748
2026-02-11,9.87,10.005,9.555,9.63,17504
2026-02-12,9.865,10.135,9.265,9.345,27564
2026-02-13,9.57,9.885,9.29,9.785,44189
