Date,Open,High,Low,Close,Volume
2020-07-27,13.86,14.49,13.86,14.45,72000
2020-07-28,14.09,14.11,13.59,13.59,120195
2020-07-29,14.08,14.6,14.03,14.46,81180
2020-07-30,14.59,15.37,14.35,15.34,241125
2020-07-31,15.17,15.27,14.46,15.11,241545
2020-08-03,15.51,16.05,15.51,15.96,88785
2020-08-07,16.46,16.72,15.5,15.95,97500
2020-08-11,15.89,16.38,15.41,15.5,54375
2020-08-12,16.02,17.14,16.02,17.04,116460
2020-08-13,16.98,17.0,16.4,16.52,49530
2020-08-24,16.9,17.0,16.52,16.83,74370
2020-08-31,17.8,18.19,17.45,17.8,62445
2020-09-02,19.83,20.63,19.25,20.48,39930
2020-09-03,19.51,19.51,16.65,16.98,195180
2020-09-08,14.61,15.56,14.13,14.16,76590
2020-09-10,15.82,15.84,14.48,14.71,63000
2020-09-11,15.03,15.37,14.37,14.62,91215
2020-09-17,14.58,15.8,14.58,15.8,89925
2020-09-18,15.97,15.97,14.87,15.1,63255
2020-09-21,14.36,15.02,14.04,15.02,69840
2020-09-24,14.17,15.32,14.17,14.79,104520
2020-09-28,16.0,16.71,15.9,16.68,76260
2020-09-29,16.92,17.24,16.8,16.88,69030
2020-10-02,16.65,17.41,16.36,16.36,94305
2020-10-06,18.05,18.76,17.42,17.6,94230
2020-10-07,18.41,18.71,18.39,18.7,60960
2020-10-12,21.04,21.51,20.87,21.3,60750
2020-10-13,21.32,21.54,20.91,21.26,64680
2020-10-14,21.53,21.53,20.5,20.97,57675
2020-10-15,19.6,20.71,19.59,20.71,64905
2020-10-19,21.0,21.0,19.92,20.04,61935
2020-10-26,18.89,19.07,17.62,18.02,76950
2020-10-28,16.84,16.89,16.13,16.15,99600
2020-10-29,16.21,17.85,16.2,17.66,51810
2020-10-30,16.89,16.91,16.02,16.51,96000
2020-11-03,17.35,18.17,17.34,17.95,54000
2020-11-04,18.79,19.93,18.34,19.73,70770
2020-11-05,21.53,22.43,21.53,22.43,141165
2020-11-06,22.48,23.67,21.96,23.41,63480
2020-11-09,24.96,25.52,22.84,22.84,127050
2020-11-12,22.87,22.87,21.79,21.87,50715
2020-12-09,31.23,31.83,28.7,29.17,79110
2020-12-10,28.53,29.74,28.19,29.34,90195
2020-12-11,28.25,28.75,27.31,28.05,51960
2020-12-14,28.91,29.6,28.87,29.33,47985
2021-01-04,32.17,33.52,30.13,30.65,87045
2021-01-05,31.29,32.45,31.29,32.45,67365
2021-01-08,37.52,37.66,34.67,35.8,70695
2021-01-15,39.58,39.58,37.16,37.78,62700
2021-01-19,39.45,41.77,39.45,41.65,94680
2021-01-22,42.09,42.09,40.99,40.99,44220
2021-01-27,35.17,36.14,32.6,33.07,306555
2021-01-28,35.2,36.58,34.34,35.19,228585
2021-01-29,34.18,35.79,32.92,33.95,154275
2021-02-01,35.38,37.5,34.87,37.42,126405
2021-02-02,39.12,39.14,37.74,39.07,97230
2021-02-03,39.51,39.73,36.62,36.69,99945
2021-02-08,37.66,40.05,37.66,39.99,149910
2021-02-10,40.7,40.97,38.81,39.84,68085
2021-02-11,41.14,44.02,41.14,44.02,168945
2021-02-12,43.46,45.96,43.41,45.77,107490
2021-02-16,47.28,47.85,45.91,46.4,68910
2021-02-17,44.14,45.53,42.15,44.05,133725
2021-02-18,42.25,43.06,41.11,42.92,84060
2021-02-19,44.88,46.49,44.78,45.73,137400
2021-02-22,43.7,44.51,40.35,40.78,198315
2021-02-23,38.44,40.39,35.21,39.94,251250
2021-02-25,42.0,43.01,35.74,36.59,308895
2021-02-26,37.95,39.63,35.82,38.69,289605
2021-03-01,40.67,42.36,39.93,42.16,128535
2021-03-02,42.33,42.41,38.73,38.76,70447
2021-03-03,38.67,38.91,34.92,35.26,48951
2021-03-04,34.04,35.14,28.54,29.995,100738
2021-03-05,32.16,32.94,27.86,32.72,163279
2021-03-08,32.15,32.835,27.645,27.645,101625
2021-03-09,30.39,33.02,30.0,32.48,89777
2021-03-10,33.7,33.88,30.77,30.77,31463
2021-03-11,33.58,34.96,32.88,34.4,31900
2021-03-12,32.52,33.5,31.97,33.37,28370
2021-03-15,33.78,35.525,33.31,35.525,31309
2021-03-16,36.44,38.51,36.3,36.93,46811
2021-03-17,35.19,39.04,34.84,38.3,26714
2021-03-18,36.635,36.635,33.505,33.61,39165
2021-03-19,33.93,35.54,32.44,34.66,20219
2021-03-22,36.57,38.07,35.65,36.89,11591
2021-03-23,37.17,37.17,33.59,34.01,15851
2021-03-24,35.95,36.1,32.605,32.605,10166
2021-03-25,30.84,33.12,30.1,32.78,16785
2021-03-26,32.81,37.74,32.81,37.66,19130
2021-03-29,36.53,36.89,34.5,35.75,22253
2021-03-30,35.0,35.77,34.33,34.98,15928
2021-03-31,36.51,38.94,36.48,38.255,51709
2021-04-01,40.38,42.245,40.25,42.245,62108
2021-04-05,44.45,45.2,43.0,45.04,20097
2021-04-06,44.05,44.96,42.18,43.17,39267
2021-04-07,43.3,43.98,42.38,43.29,30944
2021-04-08,44.76,44.9,43.78,44.75,23401
2021-04-09,43.45,44.47,43.23,44.39,19997
2021-04-12,43.53,43.53,41.91,43.02,25380
2021-04-13,43.98,44.13,41.73,42.74,16982
2021-04-14,42.5,43.42,40.65,41.15,24987
2021-04-15,42.66,43.56,41.675,43.3,24881
2021-04-16,43.45,43.45,42.5,42.72,21292
2021-04-19,41.7,42.17,38.315,39.49,96518
2021-04-20,38.98,39.51,37.05,37.735,35669
2021-04-21,37.885,40.75,37.36,40.75,33055
2021-04-22,39.96,40.15,37.46,37.99,27576
2021-04-23,38.53,40.535,38.43,40.15,74777
2021-04-26,40.13,42.425,40.11,42.21,24044
2021-04-27,42.61,42.78,41.01,41.43,32426
2021-04-28,40.68,40.68,39.315,39.54,29428
2021-04-29,41.17,41.2,38.5,40.175,41545
2021-04-30,38.2,39.1,36.59,36.83,60854
2021-05-03,37.72,37.76,35.09,35.6,28653
2021-05-04,34.25,34.25,32.0,33.795,57572
2021-05-05,35.3,35.78,33.85,34.565,80542
2021-05-06,34.16,35.31,33.18,35.165,30217
2021-05-07,36.59,37.4,36.11,36.87,24285
2021-05-10,35.8,35.8,31.885,31.885,80656
2021-05-11,29.02,32.31,28.73,31.95,77548
2021-05-12,29.92,30.49,27.815,28.085,183802
2021-05-13,29.55,30.46,28.41,29.235,82773
2021-05-14,30.34,32.645,29.68,31.955,76226
2021-05-17,30.72,31.06,29.45,31.05,72658
2021-05-18,31.88,32.03,30.22,30.22,27160
2021-05-19,28.355,32.13,28.24,32.05,76860
2021-05-20,32.77,34.955,32.76,34.58,71355
2021-05-21,35.22,35.3,33.84,34.1,36054
2021-05-24,35.2,37.1,35.09,36.47,69761
2021-05-25,37.36,37.72,36.33,36.945,40142
2021-05-26,37.06,37.63,36.2,37.115,24926
2021-05-27,36.88,38.23,36.87,37.82,30365
2021-05-28,38.17,39.26,37.95,38.86,39515
2021-06-01,39.66,40.51,37.94,38.26,73425
2021-06-02,38.23,39.5,38.23,39.21,20283
2021-06-03,37.6,38.26,36.64,37.06,24336
2021-06-04,38.08,39.97,38.08,39.6,33589
2021-06-07,39.12,39.32,38.16,38.91,25776
2021-06-08,39.9,39.9,37.3,38.14,19353
2021-06-09,38.54,38.88,37.65,37.66,19924
2021-06-10,37.98,39.3,37.73,39.02,31246
2021-06-11,39.0,39.49,38.68,39.49,31870
2021-06-14,39.65,41.155,39.22,41.1,57137
2021-06-15,40.67,41.53,39.76,40.0,37982
2021-06-16,40.56,40.86,38.08,39.13,61005
2021-06-17,38.83,41.15,38.83,40.3,38523
2021-06-18,39.04,39.41,36.78,37.36,58117
2021-06-21,37.53,38.125,36.63,38.125,31166
2021-06-22,38.01,38.79,37.46,38.47,15506
2021-06-23,38.74,39.56,38.74,38.98,24968
2021-06-24,40.03,41.23,39.99,41.02,28205
2021-06-25,41.415,41.645,40.47,40.62,15797
2021-06-28,41.83,44.025,41.83,43.56,56623
2021-06-29,43.34,44.62,43.095,44.6,31230
2021-06-30,44.48,44.7,43.73,44.59,34342
2021-07-01,44.1,44.1,42.15,42.45,8955
2021-07-02,43.54,43.67,42.48,43.29,13464
2021-07-06,43.73,44.01,41.41,43.09,14127
2021-07-07,43.88,43.89,40.885,41.28,16931
2021-07-08,38.32,40.27,37.865,39.78,40973
2021-07-09,39.66,41.92,39.66,41.76,12315
2021-07-12,42.24,43.29,42.1,43.24,15890
2021-07-14,43.87,44.74,41.88,42.44,18108
2021-07-15,40.49,41.21,38.62,39.37,14656
2021-07-16,40.11,40.26,36.64,36.64,15370
2021-07-19,35.09,36.83,34.88,36.71,23245
2021-07-21,38.85,41.72,38.85,41.68,27317
2021-07-22,41.06,41.34,40.11,40.58,12379
2021-07-27,40.28,40.28,36.725,39.03,21651
2021-07-28,39.68,41.485,39.63,41.175,41121
2021-07-29,41.98,43.64,41.98,43.44,12982
2021-07-30,42.7,44.34,42.69,44.28,31411
2021-08-02,45.96,46.82,44.93,45.19,22481
2021-08-03,45.35,45.94,43.98,45.82,9569
2021-08-04,46.96,48.11,46.39,47.59,19022
2021-08-05,47.7,47.74,46.565,46.97,3590
2021-08-06,46.44,47.185,46.43,46.61,13587
2021-08-09,47.22,47.22,45.58,46.105,14352
2021-08-10,45.44,45.45,43.8,44.375,26911
2021-08-11,44.9,44.9,42.5,44.11,12764
2021-08-12,42.99,43.08,41.87,42.96,12859
2021-08-16,43.305,43.305,41.97,42.96,14389
2021-08-17,41.31,41.31,39.545,40.29,14545
2021-08-18,40.215,40.655,38.62,38.62,5480
2021-08-19,38.16,40.16,37.195,39.63,7799
2021-08-20,40.2,40.59,39.225,40.38,11398
2021-08-23,42.0,43.775,41.96,43.66,17445
2021-08-25,45.16,45.52,44.535,44.81,16654
2021-08-26,44.695,45.305,43.78,44.71,13372
2021-08-27,44.94,47.315,44.94,47.3,9845
2021-08-30,48.5,48.765,47.435,47.7,9636
2021-09-01,46.845,46.91,46.09,46.09,6572
2021-09-02,45.87,46.675,45.76,46.23,7778
2021-09-03,47.47,47.575,47.245,47.4,5939
2021-09-07,47.38,47.41,46.36,46.72,8684
2021-09-08,46.04,46.27,43.81,44.785,12367
2021-09-09,45.64,46.215,45.365,45.49,17996
2021-09-10,47.3,48.37,46.52,46.58,14538
2021-09-13,47.61,47.74,46.01,47.74,13384
2021-09-15,47.28,48.47,47.2,48.47,19328
2021-09-17,47.98,48.07,46.22,46.75,12342
2021-09-20,43.74,43.865,41.265,42.38,40358
2021-09-21,44.17,44.48,42.735,43.74,9188
2021-09-22,44.63,46.515,44.04,46.12,15751
2021-09-23,46.865,48.515,46.78,48.11,8106
2021-09-24,46.87,48.18,46.87,48.1,5284
2021-09-28,45.28,45.61,42.125,42.13,38459
2021-09-29,42.32,42.63,39.91,40.055,37844
2021-09-30,41.495,41.6,40.165,40.23,19671
2021-10-01,40.385,40.385,38.275,40.15,9004
2021-10-04,39.06,39.06,36.605,36.86,13541
2021-10-05,37.51,39.36,37.335,38.61,19338
2021-10-06,37.475,38.98,37.305,38.94,14659
2021-10-07,41.165,41.935,40.29,40.36,16300
2021-10-08,40.0,40.1,39.13,39.35,7898
2021-10-11,40.23,40.23,38.57,38.57,11426
2021-10-12,38.76,38.76,36.5,37.03,31870
2021-10-13,37.77,38.14,37.295,37.59,10958
2021-10-14,39.7,40.97,39.37,40.97,12029
2021-10-15,41.83,42.22,41.465,41.68,8486
2021-10-18,40.8,42.85,40.8,42.85,10172
2021-10-19,43.265,44.45,43.11,44.35,19860
2021-10-20,44.06,44.72,43.73,44.085,11913
2021-10-21,43.885,45.63,43.885,45.63,9512
2021-10-22,44.86,46.13,43.915,44.02,5514
2021-10-26,45.955,46.085,45.025,45.215,3712
2021-10-27,44.755,45.56,44.055,44.055,5326
2021-10-28,45.99,46.94,45.64,46.865,10426
2021-10-29,46.47,47.62,46.46,47.62,15577
2021-11-01,47.86,49.87,47.86,49.87,20889
2021-11-02,50.14,51.81,50.14,51.81,19447
2021-11-03,52.035,53.8,51.77,53.665,12257
2021-11-04,55.24,59.78,54.73,59.14,21269
2021-11-05,61.74,62.37,59.68,60.78,12511
2021-11-08,62.565,64.55,61.715,63.5,9105
2021-11-09,64.8,65.53,61.84,63.18,12812
2021-11-10,59.63,61.88,57.29,58.11,9067
2021-11-11,59.74,61.99,59.74,61.6,7759
2021-11-15,63.81,64.16,61.73,62.98,14273
2021-11-16,63.67,66.25,63.21,66.04,6070
2021-11-18,67.76,68.66,66.09,67.87,14602
2021-11-22,69.34,72.17,65.3,65.3,18470
2021-11-23,64.7,66.01,61.52,64.53,8952
2021-11-26,63.11,64.58,59.935,61.0,15653
2021-11-29,64.96,68.67,63.505,68.43,14440
2021-11-30,67.14,68.94,63.5,64.44,13637
2021-12-01,67.8,70.655,63.73,63.73,16048
2021-12-02,60.76,64.42,59.895,63.2,11769
2021-12-03,66.81,67.88,61.0,62.68,11435
2021-12-06,61.25,63.05,57.01,62.62,29162
2021-12-07,67.14,72.42,67.14,71.76,28187
2021-12-08,69.035,70.82,68.69,70.575,20255
2021-12-09,69.3,70.65,66.0,66.035,21636
2021-12-13,68.26,68.26,62.49,62.49,15685
2021-12-14,60.02,61.64,59.0,61.14,9853
2021-12-15,61.48,68.29,59.515,68.29,23247
2021-12-16,66.6,67.45,58.24,59.205,37544
2021-12-17,57.35,61.05,57.02,58.63,7426
2021-12-20,56.16,58.33,55.69,57.74,6683
2021-12-21,61.49,63.53,59.42,63.53,16828
2021-12-22,62.44,65.24,61.66,65.24,7822
2021-12-27,68.27,72.82,68.27,72.41,8024
2021-12-28,73.82,73.95,69.675,70.28,14260
2021-12-29,70.58,71.9,69.65,71.05,8820
2021-12-30,70.51,71.075,68.0,68.25,5825
2022-01-03,69.21,72.02,68.63,71.6,9467
2022-01-05,69.2,71.27,64.005,64.005,11414
2022-01-06,64.01,65.96,62.01,65.335,21182
2022-01-07,65.4,65.66,59.49,59.59,24875
2022-01-10,57.04,60.09,53.86,60.08,35811
2022-01-11,59.055,63.41,57.96,63.27,14853
2022-01-12,65.08,66.38,63.0,64.45,14537
2022-01-13,67.67,69.1,59.655,60.03,39689
2022-01-14,58.69,64.0,58.69,64.0,25156
2022-01-18,60.795,60.81,55.505,55.605,117264
2022-01-19,57.29,58.07,50.76,50.775,38084
2022-01-20,52.14,52.905,45.87,45.98,44764
2022-01-21,44.89,48.66,43.51,43.71,52072
2022-01-24,40.78,45.395,36.9,45.395,114814
2022-01-25,41.555,43.16,39.4,40.19,65366
2022-01-26,43.78,46.85,40.26,42.25,91590
2022-01-27,43.185,43.185,36.0,36.315,76434
2022-01-28,36.27,38.375,33.19,38.375,30099
2022-01-31,39.45,44.69,38.58,44.69,18136
2022-02-01,45.425,46.05,42.61,45.93,93048
2022-02-02,48.66,49.485,46.61,49.36,161664
2022-02-03,45.39,47.78,42.205,42.48,37933
2022-02-04,42.02,44.28,40.65,43.46,44317
2022-02-07,43.68,45.505,42.94,43.26,19241
2022-02-08,43.31,46.83,42.58,46.63,15125
2022-02-09,48.62,51.22,46.745,51.06,27541
2022-02-10,47.35,52.075,45.73,46.405,23821
2022-02-11,46.78,47.56,38.425,39.43,132353
2022-02-14,39.85,41.83,37.995,39.49,37835
2022-02-15,42.05,46.235,42.05,45.98,30730
2022-02-16,44.255,46.415,43.16,46.11,36914
2022-02-17,44.06,44.34,40.695,40.81,49745
2022-02-18,41.17,41.26,37.81,39.51,57358
2022-02-22,38.15,41.0,37.03,38.61,49105
2022-02-23,40.21,40.905,35.68,35.91,22694
2022-02-24,31.81,40.0,31.68,39.75,65273
2022-02-25,39.2,41.605,38.72,41.545,26738
2022-02-28,40.18,42.16,38.66,40.98,16132
2022-03-01,40.71,40.95,35.44,36.36,40947
2022-03-02,37.61,40.87,37.46,40.215,30317
2022-03-03,40.44,40.44,36.89,37.41,25375
2022-03-04,36.415,37.34,33.44,34.685,56941
2022-03-07,35.04,35.56,29.505,29.505,50868
2022-03-08,29.85,34.31,28.525,31.14,65098
2022-03-09,34.25,35.64,33.335,34.995,34032
2022-03-10,33.0,33.06,30.805,32.705,56392
2022-03-11,34.24,34.335,30.68,30.68,49648
2022-03-14,30.43,30.78,27.37,27.8,85004
2022-03-15,28.35,31.65,28.145,31.465,21292
2022-03-16,33.18,36.35,32.34,36.35,67713
2022-03-17,35.25,37.0,34.75,36.975,25660
2022-03-18,36.155,39.61,35.87,39.14,32437
2022-03-21,38.58,39.85,36.99,38.8,20123
2022-03-22,38.87,41.0,38.81,39.56,12694
2022-03-23,37.995,39.55,36.685,36.685,16160
2022-03-24,37.82,42.11,37.49,42.08,245470
2022-03-25,41.82,42.155,39.865,41.88,26913
2022-03-28,41.07,42.675,39.665,42.675,24691
2022-03-29,44.96,45.945,43.305,45.65,30906
2022-03-30,44.83,44.96,40.73,41.305,26833
2022-03-31,41.15,41.73,38.43,38.47,54205
2022-04-01,39.205,39.205,34.685,36.08,37537
2022-04-04,36.58,38.075,36.19,38.01,20529
2022-04-05,36.95,36.95,32.56,32.77,154566
2022-04-06,30.525,32.07,29.58,30.445,137448
2022-04-07,30.25,31.335,28.705,30.46,57274
2022-04-08,29.75,29.77,28.18,28.18,75081
2022-04-11,27.06,27.69,26.36,26.455,64029
2022-04-12,28.11,28.8,25.88,26.21,73508
2022-04-13,26.5,28.53,26.5,28.04,52067
2022-04-14,28.52,28.52,25.545,25.57,57905
2022-04-18,25.21,27.64,25.21,26.92,52403
2022-04-19,26.66,28.88,26.5,28.79,64113
2022-04-20,30.14,30.82,28.27,28.44,62719
2022-04-21,30.035,30.435,25.82,26.2,66678
2022-04-22,26.055,26.51,24.385,24.405,94136
2022-04-25,23.78,25.76,23.705,25.76,79030
2022-04-26,24.64,24.64,22.365,22.365,101684
2022-04-27,21.51,23.5,21.51,21.96,56691
2022-04-28,23.405,26.285,22.43,25.53,80458
2022-04-29,24.255,25.85,22.11,22.115,123580
2022-05-02,22.45,24.54,21.82,24.47,130119
2022-05-03,24.3,25.66,23.87,25.1,151136
2022-05-04,25.47,28.14,23.3,28.06,130870
2022-05-05,26.49,26.57,22.755,23.905,171797
2022-05-06,23.48,24.76,21.96,23.31,187034
2022-05-09,21.81,22.395,19.35,19.63,194073
2022-05-10,21.58,22.13,19.78,21.11,272365
2022-05-11,20.49,21.93,18.99,19.085,129123
2022-05-12,18.53,19.96,17.965,19.44,169088
2022-05-13,20.58,22.9,20.54,22.48,210475
2022-05-16,21.83,22.5,21.24,21.365,118346
2022-05-17,23.18,24.71,22.9,24.61,139474
2022-05-18,23.34,24.325,20.56,20.76,181086
2022-05-19,20.72,22.0,19.915,20.465,181172
2022-05-20,21.6,21.6,17.68,20.335,184035
2022-05-23,19.94,20.745,19.49,20.625,87931
2022-05-24,19.7,19.76,18.48,19.01,104657
2022-05-25,18.73,20.65,18.73,20.195,89677
2022-05-26,19.63,22.81,19.525,22.56,176153
2022-05-27,23.67,25.43,23.67,25.24,131950
2022-05-31,25.18,25.57,23.765,24.875,104990
2022-06-01,25.35,25.55,22.79,23.68,89192
2022-06-02,23.5,26.255,23.5,26.255,98777
2022-06-03,24.34,24.745,23.53,23.88,53082
2022-06-06,25.29,25.58,23.51,23.83,114815
2022-06-07,23.07,24.73,23.07,24.58,53547
2022-06-08,24.14,24.405,22.45,22.89,83210
2022-06-09,22.53,23.54,21.05,21.05,60877
2022-06-10,19.97,20.48,18.66,18.755,165590
2022-06-13,16.925,17.345,15.34,15.495,224669
2022-06-14,16.045,16.165,15.22,15.76,83126
2022-06-15,16.43,17.42,15.48,16.62,232914
2022-06-16,14.97,15.15,13.0,13.5,379350
2022-06-17,13.7,14.01,12.795,13.68,177991
2022-06-21,14.59,15.42,14.54,14.81,119475
2022-06-22,13.945,14.96,13.945,14.31,105313
2022-06-23,14.485,14.485,13.36,14.02,74506
2022-06-24,14.71,15.85,14.585,15.85,174637
2022-06-27,16.37,16.43,15.425,15.78,67857
2022-06-28,16.355,16.57,14.54,14.57,83775
2022-06-29,14.01,14.01,13.035,13.51,218617
2022-06-30,12.97,13.82,12.4,13.015,512145
2022-07-01,12.43,12.43,11.135,11.56,509415
2022-07-05,10.67,11.85,10.54,11.85,236572
2022-07-06,11.93,12.485,11.54,12.08,315149
2022-07-07,13.0,13.875,12.99,13.72,326834
2022-07-08,13.09,14.14,12.965,13.905,304691
2022-07-11,13.26,13.42,12.68,12.89,146950
2022-07-12,13.22,13.43,12.75,12.99,107711
2022-07-13,12.19,13.54,12.19,13.32,131886
2022-07-14,13.15,14.245,12.555,14.085,218759
2022-07-15,14.72,15.12,14.05,15.12,149152
2022-07-18,15.74,16.175,14.65,14.91,918863
2022-07-19,15.52,17.16,15.52,16.98,271630
2022-07-20,16.555,18.415,16.53,18.22,156963
2022-07-21,18.52,19.11,17.76,19.08,150378
2022-07-22,18.87,18.9,17.165,17.62,121219
2022-07-25,17.22,17.33,16.43,17.28,175894
2022-07-26,16.94,17.19,16.255,16.43,71863
2022-07-27,17.37,19.11,17.215,18.75,225887
2022-07-28,18.83,19.49,17.6,19.38,142754
2022-07-29,18.47,19.955,18.47,19.85,154788
2022-08-01,19.335,20.56,19.04,19.995,195446
2022-08-02,19.42,20.835,19.16,19.945,136363
2022-08-03,19.93,21.7,19.91,21.58,91345
2022-08-04,21.36,22.24,21.22,22.075,63862
2022-08-05,20.96,22.08,20.66,21.55,115882
2022-08-08,20.61,21.33,19.57,20.545,81691
2022-08-09,19.05,19.16,16.94,17.695,151037
2022-08-10,19.16,20.0,18.41,19.95,147486
2022-08-11,20.48,21.575,19.7,19.76,118710
2022-08-12,20.12,21.71,20.02,21.59,98600
2022-08-15,21.21,21.935,20.885,21.72,49578
2022-08-16,21.47,21.69,20.435,21.13,48307
2022-08-17,20.15,20.15,18.73,19.54,145534
2022-08-18,19.69,21.34,19.5,20.915,149002
2022-08-19,19.97,20.36,18.91,19.17,93512
2022-08-22,18.08,18.12,16.775,16.975,296892
2022-08-23,17.04,18.015,17.04,17.35,67112
2022-08-24,17.17,17.55,16.795,17.385,49816
2022-08-25,17.77,19.33,17.76,19.32,232784
2022-08-26,19.18,19.32,15.96,15.96,170049
2022-08-29,15.52,16.03,14.96,15.005,102941
2022-08-30,15.32,15.48,13.97,14.53,118528
2022-08-31,14.56,14.67,13.67,14.0,269766
2022-09-01,12.91,13.235,11.98,13.2,384517
2022-09-02,13.83,14.11,12.64,12.805,196215
2022-09-06,12.85,13.03,12.08,12.43,241493
2022-09-07,12.48,13.29,12.25,13.01,137307
2022-09-08,12.645,13.76,12.41,13.62,419690
2022-09-09,14.23,14.81,14.22,14.66,254120
2022-09-12,14.85,15.035,14.34,14.79,170591
2022-09-13,13.15,13.47,11.96,12.04,337339
2022-09-14,12.33,12.69,11.96,12.46,121375
2022-09-15,12.23,12.66,11.61,11.9,237407
2022-09-16,11.49,12.085,11.2,12.065,242323
2022-09-19,11.59,12.42,11.58,12.25,198973
2022-09-20,11.85,12.005,11.47,11.675,211740
2022-09-21,11.86,12.91,11.39,11.39,254202
2022-09-22,11.18,11.28,10.255,10.43,306478
2022-09-23,10.04,10.13,9.46,9.95,504114
2022-09-26,9.93,10.345,9.52,9.545,351448
2022-09-27,10.04,10.28,9.395,9.82,269466
2022-09-28,9.58,10.34,9.45,10.23,521142
2022-09-29,9.67,9.7,8.8,9.235,420676
2022-09-30,8.93,9.595,8.745,8.79,541216
2022-10-03,9.11,9.975,8.895,9.72,468390
2022-10-04,10.7,11.085,10.54,11.06,287609
2022-10-05,10.49,11.645,10.22,11.315,310926
2022-10-06,11.3,11.91,11.05,11.15,236489
2022-10-07,10.18,10.265,9.0,9.16,518037
2022-10-10,9.075,9.075,7.86,8.215,554772
2022-10-11,7.815,8.02,7.22,7.52,452892
2022-10-12,7.5,7.605,7.235,7.31,307607
2022-10-13,6.42,8.34,6.24,7.96,772379
2022-10-14,8.26,8.26,6.875,6.91,509281
2022-10-17,7.53,7.66,7.2,7.355,207112
2022-10-18,8.04,8.205,7.05,7.42,713796
2022-10-19,7.27,7.8,7.2,7.6,308463
2022-10-20,7.76,8.42,7.6,7.72,843803
2022-10-21,7.72,8.63,7.57,8.6,452694
2022-10-24,8.56,8.795,8.08,8.69,397276
2022-10-25,8.8,9.46,8.75,9.27,280676
2022-10-26,8.71,9.66,8.57,8.98,420999
2022-10-27,9.17,9.41,8.495,8.52,409877
2022-10-28,8.57,9.555,8.54,9.515,350400
2022-10-31,9.26,9.335,8.77,8.89,217478
2022-11-01,9.45,9.51,9.0,9.12,236366
2022-11-02,9.29,9.77,8.215,8.23,423879
2022-11-03,7.78,8.28,7.545,7.91,391681
2022-11-04,8.8,9.06,8.43,9.01,482607
2022-11-07,9.2,9.685,8.89,9.6,270869
2022-11-08,10.155,10.54,9.64,10.17,472571
2022-11-09,9.7,9.81,9.185,9.225,229227
2022-11-10,10.8,12.16,10.575,12.1,507772
2022-11-11,12.285,13.405,11.85,13.2,538101
2022-11-14,12.96,13.51,12.75,12.75,245092
2022-11-15,14.31,14.43,13.32,13.89,709997
2022-11-16,12.86,12.99,11.88,12.07,388546
2022-11-17,11.34,12.555,11.31,12.39,263368
2022-11-18,13.03,13.03,12.095,12.49,314932
2022-11-21,12.02,12.15,11.77,11.88,200982
2022-11-22,12.14,12.935,11.9,12.93,236099
2022-11-23,12.89,13.74,12.87,13.32,290346
2022-11-25,13.15,13.25,12.8,12.8,196120
2022-11-28,12.32,12.705,11.615,11.84,261630
2022-11-29,11.94,12.17,11.5,11.75,298311
2022-11-30,11.84,13.83,11.55,13.83,366173
2022-12-01,14.1,14.13,12.95,13.5,310191
2022-12-02,12.495,13.11,12.3,13.005,241738
2022-12-05,12.81,13.15,12.245,12.6,285817
2022-12-06,12.55,12.57,11.385,11.74,366329
2022-12-07,11.38,11.9,11.35,11.73,355997
2022-12-08,11.88,12.715,11.655,12.65,493133
2022-12-09,12.525,12.99,12.2,12.3,511507
2022-12-12,12.14,13.0,11.95,13.0,275198
2022-12-13,14.71,14.91,13.17,13.67,1005001
2022-12-14,13.525,14.005,12.56,12.98,733592
2022-12-15,12.23,12.375,11.34,11.365,704986
2022-12-16,11.19,11.46,10.77,11.09,304391
2022-12-19,11.11,11.145,10.35,10.68,439379
2022-12-20,10.24,10.74,10.16,10.42,275247
2022-12-21,10.63,11.26,10.6,11.175,440315
2022-12-22,10.54,10.56,9.12,9.775,545500
2022-12-23,9.55,9.8,9.255,9.775,239664
2022-12-27,9.575,9.575,9.13,9.23,590810
2022-12-28,9.09,9.42,8.77,8.86,518258
2022-12-29,9.28,9.815,9.19,9.72,622012
2022-12-30,9.255,9.7,9.06,9.69,341021
2023-01-03,10.16,10.2,9.2,9.34,731104
2023-01-04,9.9,10.25,9.59,10.125,449685
2023-01-05,9.79,9.995,9.535,9.55,822426
2023-01-06,9.96,11.055,9.56,10.875,682956
2023-01-09,11.51,12.265,11.3,11.53,785710
2023-01-10,11.37,11.99,11.2,11.975,1113659
2023-01-11,11.985,12.42,11.665,12.42,607224
2023-01-12,12.6,13.07,11.82,12.84,879859
2023-01-13,12.36,12.99,12.29,12.955,391281
2023-01-17,12.89,13.425,12.68,13.07,321568
2023-01-18,13.515,13.76,12.81,12.83,560249
2023-01-19,12.48,12.505,11.63,11.75,642605
2023-01-20,12.11,12.85,11.75,12.84,516026
2023-01-23,13.19,14.9,13.13,14.77,777389
2023-01-24,14.3,14.845,14.18,14.42,425969
2023-01-25,13.69,14.62,13.345,14.545,1008728
2023-01-26,15.0,15.295,14.3,15.26,996919
2023-01-27,14.44,15.35,14.35,14.96,594926
2023-01-30,14.32,14.61,13.74,13.8,659068
2023-01-31,13.67,14.54,13.65,14.54,519394
2023-02-01,14.78,17.27,14.77,16.82,536174
2023-02-02,17.31,18.385,17.045,17.94,679114
2023-02-03,16.76,18.1,16.6,16.895,528789
2023-02-06,16.09,16.85,15.89,16.08,409744
2023-02-07,16.29,17.84,16.15,17.62,759823
2023-02-08,17.25,17.67,16.35,16.49,353745
2023-02-09,17.35,17.88,16.24,16.57,300552
2023-02-10,16.06,16.2,15.25,15.76,274343
2023-02-13,15.99,16.61,15.57,16.46,470352
2023-02-14,16.01,17.52,15.68,17.345,448067
2023-02-15,16.82,17.59,16.45,17.52,361944
2023-02-16,16.62,17.14,16.195,16.26,375820
2023-02-17,15.98,16.11,15.055,15.485,318844
2023-02-21,14.79,15.26,13.91,14.0,265097
2023-02-22,14.11,14.4,13.54,13.775,269268
2023-02-23,15.27,15.33,14.3,15.105,405954
2023-02-24,14.3,14.52,13.97,14.27,549090
2023-02-27,14.96,15.0,14.51,14.53,286288
2023-02-28,14.415,15.265,14.32,14.65,266552
2023-03-01,14.81,15.21,14.5,14.68,249068
2023-03-02,13.99,15.23,13.68,15.01,251096
2023-03-03,15.05,15.76,14.66,15.69,307031
2023-03-06,15.84,16.23,15.045,15.15,482449
2023-03-07,15.19,15.39,14.5,14.67,325883
2023-03-08,14.85,15.875,14.85,15.83,318230
2023-03-09,15.75,16.53,14.82,14.89,459031
2023-03-10,15.16,15.235,13.82,14.04,650261
2023-03-13,13.59,14.53,13.175,14.04,876264
2023-03-14,14.76,15.53,14.54,15.27,567597
2023-03-15,14.575,14.825,13.77,14.69,427374
2023-03-16,14.47,16.52,14.315,16.435,451309
2023-03-17,16.51,16.885,15.84,16.11,270985
2023-03-20,16.19,16.79,15.8,16.615,183881
2023-03-21,17.0,17.495,15.945,16.64,418614
2023-03-22,16.68,18.0,16.22,16.24,268085
2023-03-23,17.02,18.17,16.645,17.51,363718
2023-03-24,17.07,17.21,16.04,16.555,285100
2023-03-27,16.77,16.9,15.825,15.94,323687
2023-03-28,15.85,15.875,14.9,15.6,254922
2023-03-29,16.41,17.45,16.3,17.105,362705
2023-03-30,17.77,18.285,17.59,17.95,670072
2023-03-31,17.56,18.32,17.44,18.31,196476
2023-04-03,17.93,18.145,17.145,17.785,292661
2023-04-04,17.875,17.895,16.53,16.78,245272
2023-04-05,16.23,16.255,15.38,15.895,458352
2023-04-06,15.42,15.985,15.1,15.65,338082
2023-04-10,15.24,16.49,15.17,16.44,593073
2023-04-11,16.73,16.78,16.115,16.205,326975
2023-04-12,16.61,16.72,15.28,15.315,343595
2023-04-13,15.38,15.93,15.05,15.68,268940
2023-04-14,15.62,16.17,15.08,15.58,310786
2023-04-17,15.04,15.615,14.95,15.59,149229
2023-04-18,16.0,16.335,15.41,15.8,218259
2023-04-19,15.19,15.36,14.98,15.25,138684
2023-04-20,14.78,15.88,14.77,15.23,297539
2023-04-21,15.02,15.02,14.48,14.86,526490
2023-04-24,14.84,15.04,14.36,14.66,276441
2023-04-25,14.38,14.38,13.18,13.18,522908
2023-04-26,13.615,13.78,13.18,13.38,589895
2023-04-27,13.3,13.59,12.535,13.54,352023
2023-04-28,13.74,14.265,13.55,14.24,223719
2023-05-01,14.45,14.77,14.33,14.66,189824
2023-05-02,14.66,14.9,13.915,14.32,202338
2023-05-03,14.1,14.6,13.82,13.84,235714
2023-05-04,13.49,13.995,13.22,13.59,177821
2023-05-05,13.62,14.67,13.445,14.47,459172
2023-05-08,14.445,14.7,14.07,14.665,164745
2023-05-09,14.04,14.095,13.76,13.94,882286
2023-05-10,14.4,14.635,13.91,14.31,858267
2023-05-11,14.32,14.41,13.65,14.07,322721
2023-05-12,14.21,14.365,13.6,14.0,202017
2023-05-15,14.09,15.13,14.0,15.12,143124
2023-05-16,14.98,15.565,14.98,15.035,215035
2023-05-17,15.48,16.335,15.155,16.145,323510
2023-05-18,16.375,17.795,16.34,17.69,628693
2023-05-19,17.56,17.62,17.09,17.38,298192
2023-05-22,16.92,17.71,16.92,17.545,171235
2023-05-23,17.2,17.53,16.815,16.9,145073
2023-05-24,15.88,16.22,15.495,16.025,401163
2023-05-25,18.16,19.37,17.65,19.18,453055
2023-05-26,20.04,23.25,20.04,22.9,490371
2023-05-30,24.58,24.78,22.595,22.88,428301
2023-05-31,21.69,22.635,21.09,21.13,444263
2023-06-01,21.49,22.74,20.87,22.14,259907
2023-06-02,22.7,22.86,21.53,22.02,247786
2023-06-05,21.75,21.8,20.66,20.985,157308
2023-06-06,20.55,22.04,20.46,21.72,145833
2023-06-07,22.19,23.095,21.5,21.64,216896
2023-06-08,21.85,22.45,21.46,22.28,103136
2023-06-09,23.095,23.475,22.14,22.39,203196
2023-06-12,23.22,24.665,23.17,24.615,156672
2023-06-13,25.76,26.065,24.73,25.59,316160
2023-06-14,25.32,26.68,24.84,26.68,230469
2023-06-15,25.94,26.53,25.47,25.96,179756
2023-06-16,26.77,26.77,25.135,25.16,199483
2023-06-20,24.88,25.545,23.98,24.625,144719
2023-06-21,24.15,24.305,22.73,22.76,180365
2023-06-22,22.31,23.37,22.25,23.09,104006
2023-06-23,21.94,22.27,21.54,21.87,127513
2023-06-26,22.34,23.32,22.06,22.06,404236
2023-06-27,22.31,24.49,22.01,24.42,146345
2023-06-28,23.2,24.41,23.11,23.74,255606
2023-06-29,24.1,24.1,23.2,23.8,69960
2023-06-30,24.6,25.155,24.35,24.91,205045
2023-07-03,25.275,25.72,24.685,25.44,75126
2023-07-05,25.01,25.015,23.85,23.85,109752
2023-07-06,22.6,23.05,22.04,22.99,142370
2023-07-07,23.05,24.0,22.88,22.925,82771
2023-07-10,23.15,24.42,23.105,24.31,108315
2023-07-11,24.66,24.74,23.29,24.37,111788
2023-07-12,25.45,25.845,25.0,25.695,158385
2023-07-13,26.51,27.44,26.23,27.3,196115
2023-07-14,27.33,28.005,25.935,26.25,138099
2023-07-17,26.29,28.515,25.77,28.06,154470
2023-07-18,27.68,28.54,27.09,28.25,108922
2023-07-19,28.39,28.41,27.05,27.28,254623
2023-07-20,25.75,26.01,23.88,24.26,558968
2023-07-21,25.01,25.57,24.5,24.935,202807
2023-07-24,24.9,25.43,24.52,24.86,76795
2023-07-25,25.35,26.58,25.35,26.16,232970
2023-07-26,25.19,25.71,24.215,25.06,338503
2023-07-27,26.97,28.01,26.0,26.44,282649
2023-07-28,27.925,28.395,27.15,28.15,114640
2023-07-31,28.47,28.74,27.96,28.43,101722
2023-08-01,27.75,28.705,27.45,28.53,83609
2023-08-02,27.45,27.475,24.8,25.29,439952
2023-08-03,24.27,25.54,24.095,25.13,136134
2023-08-04,24.745,25.92,24.08,24.89,206321
2023-08-07,25.545,25.77,24.99,25.685,129684
2023-08-08,24.49,24.54,23.43,24.43,345659
2023-08-09,24.37,24.4,22.95,23.04,156239
2023-08-10,23.55,24.37,22.33,22.77,269732
2023-08-11,21.935,21.975,21.01,21.15,1012766
2023-08-14,20.86,22.95,20.695,22.93,319381
2023-08-15,22.59,22.81,21.71,21.765,149639
2023-08-16,21.74,21.745,20.49,20.5,213255
2023-08-17,20.735,20.74,19.715,19.89,249572
2023-08-18,19.24,20.42,19.15,20.17,237535
2023-08-21,20.51,22.02,20.44,21.92,202929
2023-08-22,22.72,22.805,21.1,21.32,351128
2023-08-23,21.005,22.87,20.96,22.64,221918
2023-08-24,23.88,23.895,20.25,20.415,429769
2023-08-25,20.39,21.15,19.42,20.65,314062
2023-08-28,21.25,21.585,20.78,21.42,198027
2023-08-29,21.065,23.305,20.98,23.1,261540
2023-08-30,22.88,23.69,22.37,23.375,201609
2023-08-31,23.15,24.27,23.14,23.86,245699
2023-09-01,24.33,24.5,23.53,24.02,200143
2023-09-05,23.78,24.57,23.4,24.01,161660
2023-09-06,23.87,24.28,22.69,23.47,292909
2023-09-07,21.865,22.03,21.0,21.85,336416
2023-09-08,21.72,22.17,21.225,21.49,194307
2023-09-11,22.24,22.3,20.61,21.44,317448
2023-09-12,20.96,21.98,20.87,20.91,263258
2023-09-13,20.89,21.82,20.8,21.235,295466
2023-09-14,21.865,21.91,21.06,21.67,285962
2023-09-15,21.125,21.21,19.45,19.75,487644
2023-09-18,19.3,20.16,19.21,19.96,170235
2023-09-19,19.755,19.81,19.09,19.41,308719
2023-09-20,19.67,19.88,18.44,18.44,731535
2023-09-21,17.75,18.13,17.39,17.41,616388
2023-09-22,17.89,18.36,17.64,17.87,660900
2023-09-25,17.58,18.275,17.34,18.235,406499
2023-09-26,17.77,17.92,16.99,17.26,640603
2023-09-27,17.67,18.06,16.895,17.69,717351
2023-09-28,17.49,19.205,17.35,18.62,610142
2023-09-29,19.42,19.65,18.67,18.86,342778
2023-10-02,18.93,19.54,18.435,19.11,345396
2023-10-03,18.6,19.375,17.54,17.9,505113
2023-10-04,18.18,18.8,17.8,18.665,450003
2023-10-05,18.6,18.83,17.85,18.37,378119
2023-10-06,18.13,19.78,17.69,19.49,670036
2023-10-09,18.88,19.51,18.45,19.37,376001
2023-10-10,19.56,20.605,19.32,20.08,318734
2023-10-11,20.32,20.66,19.85,20.56,291825
2023-10-12,20.66,21.54,20.1,20.685,293152
2023-10-13,20.82,20.87,18.86,18.98,713904
2023-10-16,19.1,19.98,19.1,19.76,242316
2023-10-17,18.6,19.75,17.925,19.31,447535
2023-10-18,18.31,18.77,18.0,18.28,474509
2023-10-19,18.76,18.925,17.245,17.45,751938
2023-10-20,17.42,17.785,16.57,16.66,740114
2023-10-23,16.35,17.25,15.85,16.38,659256
2023-10-24,16.66,17.12,16.42,17.03,363043
2023-10-25,16.37,16.5,14.745,14.96,782664
2023-10-26,15.17,15.675,14.485,14.7,579873
2023-10-27,15.355,15.56,14.93,15.14,492103
2023-10-30,14.82,15.09,14.05,14.51,597712
2023-10-31,14.53,15.02,14.02,14.91,517027
2023-11-01,14.95,16.005,14.93,15.96,532830
2023-11-02,16.89,17.41,16.38,17.08,466945
2023-11-03,17.62,18.75,17.5,18.39,444810
2023-11-06,18.49,18.625,17.74,18.28,256467
2023-11-07,18.15,18.85,18.07,18.6,238149
2023-11-08,18.66,18.96,18.295,18.68,263388
2023-11-09,19.04,19.68,18.29,18.37,374056
2023-11-10,19.1,20.775,18.86,20.62,421543
2023-11-13,20.13,20.195,19.58,20.0,281491
2023-11-14,21.52,22.37,21.4,22.17,336544
2023-11-15,22.62,23.18,22.18,22.67,332958
2023-11-16,22.35,22.89,22.15,22.715,264662
2023-11-17,22.42,23.285,22.39,23.13,199261
2023-11-20,23.07,24.42,23.07,24.18,257596
2023-11-21,23.54,23.56,22.45,22.82,327207
2023-11-22,23.27,24.09,22.82,22.99,287892
2023-11-24,22.99,23.12,22.75,23.07,116542
2023-11-27,22.8,23.54,22.6,22.93,160533
2023-11-28,22.48,22.87,21.98,22.54,261575
2023-11-29,23.5,24.28,23.14,23.25,340125
2023-11-30,23.445,23.445,22.2,22.76,320200
2023-12-01,22.38,23.19,21.85,23.08,233228
2023-12-04,22.36,22.42,21.29,22.3,341095
2023-12-05,21.65,22.05,21.35,21.9,240718
2023-12-06,22.855,22.88,21.415,21.49,271938
2023-12-07,22.02,23.38,21.82,23.19,357483
2023-12-08,23.005,24.01,23.005,23.71,294534
2023-12-11,24.4,26.37,24.31,26.14,507063
2023-12-12,25.76,26.72,25.6,26.7,265527
2023-12-13,26.7,28.4,26.43,27.93,460520
2023-12-14,28.64,30.455,28.64,30.175,526413
2023-12-15,30.47,31.59,30.37,30.57,436044
2023-12-18,30.57,30.65,29.47,30.31,296147
2023-12-19,30.34,30.975,30.3,30.77,165262
2023-12-20,30.21,30.61,28.06,28.07,347994
2023-12-21,29.78,30.4,29.38,30.25,319196
2023-12-22,30.57,31.07,29.895,30.53,313521
2023-12-26,30.93,32.51,30.93,32.14,194994
2023-12-27,32.54,32.71,31.85,32.38,206381
2023-12-28,32.635,32.76,32.07,32.195,100895
2023-12-29,32.16,32.33,30.92,31.395,133257
2024-01-02,29.72,29.77,27.26,28.025,497719
2024-01-03,26.56,27.04,25.885,26.22,481760
2024-01-04,24.94,26.315,24.85,25.53,419596
2024-01-05,25.65,26.62,25.42,25.94,405180
2024-01-08,26.49,28.66,26.49,28.45,436225
2024-01-09,27.505,29.115,27.37,28.46,302942
2024-01-10,28.675,28.675,27.1,28.21,277842
2024-01-11,28.19,29.02,26.78,28.46,480713
2024-01-12,28.62,28.96,27.63,28.07,229287
2024-01-16,28.165,29.815,27.72,29.225,290307
2024-01-17,28.315,28.53,26.97,28.42,326267
2024-01-18,30.72,31.305,29.83,31.185,539470
2024-01-19,32.41,34.985,31.98,34.89,339249
2024-01-22,35.68,36.565,34.22,35.26,315529
2024-01-23,35.17,36.005,34.24,35.9,229297
2024-01-24,37.165,38.91,36.27,37.48,494231
2024-01-25,39.47,39.51,36.54,37.13,359906
2024-01-26,34.66,35.54,33.725,34.01,289729
2024-01-29,34.235,35.12,33.52,35.01,260690
2024-01-30,34.425,35.07,33.06,33.54,186435
2024-01-31,31.755,33.84,31.215,32.07,440319
2024-02-01,32.29,32.7,31.2,32.45,270667
2024-02-02,32.39,33.91,32.19,33.68,229053
2024-02-05,34.57,35.59,33.43,35.13,253198
2024-02-06,35.43,35.43,32.67,33.85,258045
2024-02-07,34.5,35.48,33.49,35.35,208205
2024-02-08,35.75,37.94,35.665,37.15,250126
2024-02-09,37.74,39.52,37.2,39.34,263440
2024-02-12,39.46,41.32,38.65,39.17,357891
2024-02-13,35.7,37.95,35.16,36.74,454493
2024-02-14,38.28,39.25,37.615,39.215,251067
2024-02-15,40.03,40.1,38.53,39.06,269174
2024-02-16,39.88,40.775,37.98,38.32,418987
2024-02-20,37.16,37.6,34.67,36.4,377643
2024-02-21,34.98,36.15,34.59,36.15,374716
2024-02-22,40.45,42.04,39.915,41.465,514297
2024-02-23,42.05,42.67,39.41,40.11,262435
2024-02-26,41.26,41.78,40.4,41.23,151251
2024-02-27,41.76,42.145,40.79,41.11,132759
2024-02-28,39.74,40.45,39.16,39.76,192564
2024-02-29,41.31,43.12,40.79,42.825,315084
2024-03-01,44.38,48.95,44.26,48.34,343224
2024-03-04,49.93,51.39,49.05,49.765,278334
2024-03-05,48.025,49.0,45.295,46.85,261546
2024-03-06,49.77,51.8,48.75,50.21,616811
2024-03-07,52.22,56.04,52.17,55.355,331605
2024-03-08,55.925,56.97,48.82,48.835,619610
2024-03-11,46.51,47.78,45.1,46.695,380803
2024-03-12,48.52,49.67,46.07,49.655,245087
2024-03-13,47.87,47.97,45.1,45.95,221386
2024-03-14,45.59,46.28,42.19,43.51,217111
2024-03-15,41.84,44.1,41.67,42.67,329735
2024-03-18,44.71,45.26,42.36,42.51,231022
2024-03-19,40.53,41.86,38.945,41.32,343078
2024-03-20,41.64,43.79,40.67,43.455,219604
2024-03-21,47.7,48.75,46.1,46.3,227672
2024-03-22,45.53,47.5,45.31,46.47,205074
2024-03-25,44.23,47.14,44.17,45.865,136873
2024-03-26,46.8,47.33,44.91,44.94,137757
2024-03-27,46.35,46.54,43.935,46.54,132538
2024-03-28,46.28,47.265,46.05,46.53,121274
2024-04-01,46.84,49.98,46.84,48.035,215330
2024-04-02,45.76,46.13,44.4,45.835,217969
2024-04-03,44.31,47.13,44.28,46.24,234211
2024-04-04,48.13,48.47,42.015,42.235,451077
2024-04-05,42.83,44.51,41.98,43.73,494241
2024-04-08,44.54,45.17,43.5,44.0,190968
2024-04-09,45.4,45.84,43.19,45.4,262668
2024-04-10,43.03,44.76,42.2,42.985,399907
2024-04-11,43.69,46.03,42.705,45.8,549751
2024-04-12,43.18,43.545,41.04,41.355,619118
2024-04-15,42.96,43.38,39.105,39.77,392435
2024-04-16,39.74,41.15,39.21,40.56,249299
2024-04-17,40.61,40.8,36.66,36.845,461103
2024-04-18,36.07,36.76,34.535,34.85,595380
2024-04-19,33.75,34.56,30.21,30.71,691903
2024-04-22,31.59,32.825,30.5,32.21,298633
2024-04-23,32.84,34.65,32.6,34.18,246538
2024-04-24,37.005,37.45,34.63,35.515,290375
2024-04-25,35.33,38.14,34.69,37.455,369197
2024-04-26,37.3,40.2,37.02,39.76,365914
2024-04-29,39.73,40.82,38.73,40.66,180811
2024-04-30,40.6,41.39,38.21,38.21,177050
2024-05-01,35.97,38.04,33.665,34.275,469414
2024-05-02,36.02,36.87,34.13,36.535,118450
2024-05-03,38.8,39.54,38.28,38.95,336503
2024-05-06,39.965,41.365,39.53,41.365,279677
2024-05-07,41.47,41.85,40.3,40.37,165021
2024-05-08,39.075,40.48,39.06,40.4,398850
2024-05-09,40.54,40.54,39.32,39.93,143830
2024-05-10,41.43,42.23,40.53,41.03,391864
2024-05-13,41.52,42.06,41.08,41.29,107213
2024-05-14,41.105,43.405,41.085,43.33,149372
2024-05-15,44.39,47.07,44.01,46.995,295791
2024-05-16,47.015,48.0,46.215,46.22,220616
2024-05-17,46.95,47.32,44.4,45.44,139809
2024-05-20,45.91,49.295,45.82,48.42,274280
2024-05-21,46.5,48.13,46.43,47.93,133502
2024-05-22,49.24,49.995,48.14,49.535,173307
2024-05-23,53.09,53.09,47.56,48.835,555536
2024-05-24,49.94,52.04,49.35,51.54,433723
2024-05-28,53.37,54.86,51.81,54.18,255881
2024-05-29,51.11,51.86,50.7,50.785,209390
2024-05-30,50.73,51.22,48.99,49.83,154048
2024-05-31,50.15,50.6,44.43,48.56,299658
2024-06-03,50.91,50.91,46.16,48.68,235356
2024-06-04,48.48,48.575,46.45,47.59,166021
2024-06-05,50.055,53.855,49.695,53.78,390858
2024-06-06,53.705,53.76,51.29,52.41,213230
2024-06-07,51.685,52.87,50.845,51.92,205729
2024-06-10,50.47,54.545,50.47,54.145,144510
2024-06-11,53.43,54.455,51.74,54.21,75224
2024-06-12,57.22,59.42,56.89,58.81,279476
2024-06-13,60.05,61.44,58.3,60.815,186019
2024-06-14,59.01,60.5,58.355,60.0,140771
2024-06-17,60.93,63.14,58.97,62.805,208037
2024-06-18,63.41,66.165,63.18,65.21,290395
2024-06-20,65.53,65.82,58.87,59.91,140689
2024-06-21,58.06,60.15,56.1,58.015,152706
2024-06-24,56.35,57.48,53.035,53.12,170440
2024-06-25,54.12,55.445,52.46,55.445,91335
2024-06-26,55.14,56.22,52.85,54.69,118681
2024-06-27,54.29,55.5,52.94,53.84,140778
2024-06-28,54.88,58.575,54.11,55.3,217926
2024-07-01,55.09,55.49,52.25,55.43,129293
2024-07-02,54.61,57.73,54.61,57.67,234193
2024-07-03,58.18,61.505,57.275,60.55,77305
2024-07-05,61.88,62.32,59.84,60.81,87871
2024-07-08,62.27,64.49,62.23,64.34,193266
2024-07-09,65.07,66.0,62.465,64.11,115826
2024-07-10,65.97,68.955,65.15,68.64,235682
2024-07-11,69.93,69.93,61.23,61.815,476661
2024-07-12,62.835,67.27,61.68,63.965,240139
2024-07-15,65.11,66.76,63.1,64.2,129588
2024-07-16,65.035,65.57,62.31,65.36,134508
2024-07-17,58.505,59.25,51.23,51.42,1295698
2024-07-18,54.155,54.155,49.13,51.785,502259
2024-07-19,51.57,51.57,46.75,47.0,397803
2024-07-22,50.04,52.925,48.85,52.89,244210
2024-07-23,50.84,51.99,50.01,50.47,151072
2024-07-24,48.2,48.67,42.255,42.505,513752
2024-07-25,41.515,43.69,37.42,39.59,1042444
2024-07-26,42.22,43.0,40.72,41.975,326782
2024-07-29,43.3,45.0,41.28,41.75,374455
2024-07-30,42.34,42.64,36.8,37.095,535209
2024-07-31,42.38,44.75,41.425,44.58,522605
2024-08-01,42.03,43.39,33.435,35.0,1297086
2024-08-02,30.57,31.58,28.17,29.33,1225679
2024-08-05,23.5,30.15,23.5,27.9,1356938
2024-08-06,28.62,30.79,27.22,28.615,793198
2024-08-07,31.32,31.9,25.95,26.07,708395
2024-08-08,28.55,31.595,26.89,31.495,901336
2024-08-09,30.71,31.78,29.6,30.98,528772
2024-08-12,31.1,32.59,30.24,31.48,570938
2024-08-13,32.71,35.42,32.19,35.31,642368
2024-08-14,36.17,36.61,33.28,34.99,618239
2024-08-15,37.32,40.46,36.88,40.06,649224
2024-08-16,38.795,40.22,38.1,39.71,515309
2024-08-19,39.3,41.72,37.9,41.7,483130
2024-08-20,41.02,41.9,39.1,40.07,464674
2024-08-21,40.73,42.36,40.34,41.78,464410
2024-08-22,42.37,42.85,37.12,37.525,794283
2024-08-23,39.16,41.21,38.6,40.4,415558
2024-08-26,39.73,40.28,36.93,37.38,759566
2024-08-27,36.515,38.95,35.53,38.56,443520
2024-08-28,38.08,38.83,35.3,36.52,883969
2024-08-29,37.17,38.92,35.66,36.22,872206
2024-08-30,38.69,39.19,37.06,38.92,750159
2024-09-03,36.7,36.72,29.41,30.06,1212249
2024-09-04,29.06,31.67,28.75,30.275,489881
2024-09-05,29.04,31.2,28.87,29.75,904346
2024-09-06,29.07,29.13,25.5,25.95,1333938
2024-09-09,27.17,27.71,26.17,27.475,567950
2024-09-10,27.53,28.39,26.25,28.35,695801
2024-09-11,28.82,32.42,27.09,32.21,1311246
2024-09-12,31.7,32.68,30.36,31.83,839909
2024-09-13,32.56,33.715,32.36,33.43,615202
2024-09-16,32.01,32.63,30.84,32.13,528491
2024-09-17,33.42,33.54,31.36,32.215,656017
2024-09-18,32.66,33.99,31.07,31.115,1085912
2024-09-19,34.68,36.43,33.88,35.07,1122351
2024-09-20,34.07,34.31,32.05,33.54,840768
2024-09-23,33.99,34.35,33.2,33.935,431896
2024-09-24,34.82,35.68,33.58,35.11,835798
2024-09-25,34.67,36.45,34.67,35.75,418920
2024-09-26,40.19,40.5,36.71,39.61,1307694
2024-09-27,39.97,39.97,37.115,37.63,705267
2024-09-30,36.24,37.4,35.08,36.635,525874
2024-10-01,36.53,36.96,32.75,33.56,1317774
2024-10-02,33.845,36.04,33.19,34.93,689746
2024-10-03,34.02,36.6,33.99,35.245,495645
2024-10-04,37.41,37.48,35.46,36.715,913917
2024-10-07,35.91,37.225,35.57,36.37,639957
2024-10-08,36.43,37.83,35.68,37.43,491269
2024-10-09,37.33,38.75,36.55,38.605,638219
2024-10-10,37.03,38.41,36.37,37.775,602979
2024-10-11,36.9,39.05,36.89,38.67,472645
2024-10-14,39.44,41.06,39.35,40.8,694123
2024-10-15,40.5,41.14,33.64,34.465,1270093
2024-10-16,35.68,35.68,34.0,34.455,587617
2024-10-17,37.13,37.35,35.22,35.23,937484
2024-10-18,36.24,36.24,34.85,35.27,420819
2024-10-21,34.895,35.38,33.74,35.11,534643
2024-10-22,34.47,35.03,33.87,34.69,441360
2024-10-23,34.41,34.87,32.3,33.805,774787
2024-10-24,34.65,34.73,33.54,34.265,574677
2024-10-25,35.185,36.86,35.185,35.3,963636
2024-10-28,35.17,36.08,34.765,35.37,318866
2024-10-29,35.46,38.44,34.95,37.945,803606
2024-10-30,34.98,35.68,33.92,33.95,976910
2024-10-31,33.0,33.0,29.24,29.99,1706239
2024-11-01,30.69,31.8,30.39,30.895,649240
2024-11-04,30.6,31.67,30.05,30.365,462305
2024-11-05,30.32,31.49,30.29,31.425,484893
2024-11-06,33.3,34.46,32.4,34.08,984949
2024-11-07,35.69,36.365,35.49,36.28,712950
2024-11-08,35.565,36.25,34.85,35.405,426502
2024-11-11,34.345,34.36,31.49,32.77,1129333
2024-11-12,32.43,32.55,30.38,31.67,794184
2024-11-13,30.84,31.21,29.47,29.64,1299413
2024-11-14,30.56,30.82,29.39,29.615,925504
2024-11-15,28.01,28.48,26.44,26.66,2233442
2024-11-18,26.695,27.82,26.31,27.695,861763
2024-11-19,27.36,28.02,27.09,27.82,490322
2024-11-20,27.35,27.49,26.0,27.16,1533824
2024-11-21,28.08,28.91,26.47,28.47,1290114
2024-11-22,28.24,28.69,27.85,28.48,725045
2024-11-25,29.58,30.085,28.75,29.35,1108994
2024-11-26,30.04,30.2,27.47,28.145,973557
2024-11-27,27.71,27.75,25.6,26.97,1446430
2024-11-29,27.53,29.04,27.53,28.07,615349
2024-12-02,28.595,30.8,28.48,30.255,1238483
2024-12-03,29.58,30.19,29.4,29.71,420639
2024-12-04,31.54,31.54,30.24,30.885,860093
2024-12-05,30.72,30.86,28.88,29.12,555551
2024-12-06,29.135,29.84,28.9,29.65,461163
2024-12-09,29.0,30.3,28.64,29.225,512979
2024-12-10,29.39,29.51,26.565,27.095,1200532
2024-12-11,28.31,29.62,27.79,29.14,1011907
2024-12-12,28.385,28.81,27.74,28.39,432868
2024-12-13,30.43,31.305,29.49,30.79,1607421
2024-12-16,31.15,32.94,30.39,32.495,995150
2024-12-17,31.5,32.06,30.555,31.12,674339
2024-12-18,31.75,32.47,27.0,27.79,1130504
2024-12-19,27.955,28.0,26.07,26.24,948441
2024-12-20,25.8,28.35,25.6,27.35,1529987
2024-12-24,30.255,30.62,29.68,30.62,350118
2024-12-26,29.88,31.1,29.76,30.5,483356
2024-12-27,29.91,30.16,28.6,29.73,541987
2024-12-30,28.25,28.77,27.32,27.94,977279
2024-12-31,28.135,28.54,26.93,27.295,725550
2025-01-02,28.1,29.04,27.04,27.73,1518370
2025-01-03,28.36,30.1,28.17,29.88,1288640
2025-01-06,31.9,33.63,31.85,32.52,1732837
2025-01-07,33.66,33.72,30.61,31.13,925076
2025-01-08,30.74,31.0,29.18,30.2,605187
2025-01-10,29.07,29.09,27.45,28.0,1419910
2025-01-13,26.385,27.86,26.26,27.755,695813
2025-01-14,28.48,28.95,27.18,28.215,985113
2025-01-15,29.64,30.44,29.31,29.935,894347
2025-01-16,31.49,31.72,30.0,30.03,983597
2025-01-17,32.03,32.7,31.49,32.48,1079995
2025-01-21,33.38,34.52,32.5,33.68,801378
2025-01-22,34.665,36.15,34.42,35.08,631075
2025-01-23,33.46,34.9,33.02,34.88,432253
2025-01-24,34.935,34.935,32.33,32.71,947705
2025-01-27,27.72,28.08,23.84,25.055,2652960
2025-01-28,25.47,25.8,23.75,25.36,1004166
2025-01-29,26.16,26.28,24.86,25.645,1317618
2025-01-30,26.61,27.66,26.14,27.18,1174491
2025-01-31,27.62,29.24,26.71,27.0,1760768
2025-02-03,24.8,26.46,24.315,25.505,1390155
2025-02-04,25.33,26.59,25.2,26.26,600650
2025-02-05,26.04,27.94,25.54,27.74,1127422
2025-02-06,27.16,27.79,26.75,27.65,608170
2025-02-07,27.82,28.27,25.8,26.335,1372832
2025-02-10,26.97,27.55,26.9,27.375,758251
2025-02-11,26.7,27.89,26.69,27.405,554587
2025-02-12,26.15,27.53,25.95,27.505,995712
2025-02-13,27.45,28.545,27.42,28.485,1095849
2025-02-14,28.45,28.81,28.105,28.54,464839
2025-02-18,29.245,30.22,28.72,29.965,969130
2025-02-19,30.17,31.88,29.79,31.46,1162215
2025-02-20,32.06,32.63,30.7,31.68,707337
2025-02-21,31.905,31.95,28.4,28.76,1157015
2025-02-24,29.1,29.23,26.66,26.74,1200861
2025-02-25,26.655,26.9,24.82,25.04,1735493
2025-02-26,26.01,27.0,25.53,26.34,1539947
2025-02-27,26.75,26.89,21.74,21.745,3279490
2025-02-28,21.775,23.21,21.025,22.695,1799838
2025-03-03,23.73,23.73,19.71,20.5,3818526
2025-03-04,20.22,22.25,19.0,20.635,4432801
2025-03-05,21.25,22.15,20.12,21.96,3478887
2025-03-06,19.705,21.015,19.02,19.235,3596600
2025-03-07,19.5,21.08,18.76,20.89,3299376
2025-03-11,18.06,18.485,16.525,17.345,5290792
2025-03-12,18.53,19.1,17.91,18.38,4105116
2025-03-13,18.39,19.26,17.58,18.115,3062351
2025-03-14,19.07,19.92,19.0,19.775,2720077
2025-03-17,19.54,21.27,19.5,20.755,1923735
2025-03-18,20.14,20.39,19.52,19.915,1725656
2025-03-19,19.88,21.36,19.46,20.4,1955455
2025-03-20,19.635,20.55,19.59,19.905,1689232
2025-03-21,18.79,19.48,18.37,19.25,1641352
2025-03-24,20.5,21.36,20.375,20.965,3820162
2025-03-25,20.82,21.01,20.35,20.555,1275207
2025-03-26,20.29,20.51,18.2,18.79,1719237
2025-03-27,18.11,18.4,17.37,17.71,1941096
2025-03-28,17.3,17.58,15.745,16.02,2921475
2025-03-31,15.04,15.97,14.41,15.86,2156173
2025-04-01,15.7,15.98,14.83,15.95,2287445
2025-04-02,15.2,16.88,15.04,16.28,3206829
2025-04-03,13.79,14.11,11.4,11.405,6339527
2025-04-04,10.08,10.42,8.19,8.725,8197497
2025-04-07,7.865,10.86,7.23,9.33,14905310
2025-04-08,10.41,10.835,7.605,8.255,9870037
2025-04-09,8.475,13.1,8.24,12.845,17562470
2025-04-10,10.915,11.11,8.355,9.635,13752546
2025-04-11,9.36,10.385,8.91,10.255,7712906
2025-04-14,11.15,11.15,9.975,10.45,6594582
2025-04-15,10.595,11.02,10.42,10.57,3554012
2025-04-16,9.135,9.75,8.33,9.345,5643576
2025-04-17,9.52,9.55,8.9,9.19,3751669
2025-04-21,8.66,8.735,8.15,8.7,2830072
2025-04-22,8.955,9.395,8.85,9.19,3859565
2025-04-23,10.575,10.9,10.12,10.245,6568677
2025-04-24,11.08,12.085,10.855,12.03,6459309
2025-04-25,11.61,12.58,11.51,12.33,3154253
2025-04-28,12.145,12.525,11.45,12.255,2947056
2025-04-29,11.8,12.27,11.63,11.86,2544373
2025-04-30,10.99,12.21,10.75,12.11,2966397
2025-05-01,12.535,12.8,12.05,12.06,3265059
2025-05-02,12.9,13.68,12.9,13.32,4269819
2025-05-05,12.925,13.395,12.87,13.0,2054687
2025-05-06,12.32,12.93,12.12,12.61,2201026
2025-05-07,12.6,13.39,12.23,13.28,3887018
2025-05-08,13.835,14.34,13.39,13.67,3709862
2025-05-09,14.22,14.46,13.74,14.1,2096140
2025-05-12,16.87,17.465,16.5,17.15,3340800
2025-05-13,17.3,18.85,17.29,18.61,3431667
2025-05-14,18.97,19.355,18.43,18.83,3161787
2025-05-15,18.29,18.89,17.82,18.445,1872644
2025-05-16,18.545,18.55,17.775,18.395,1027163
2025-05-19,17.15,18.2,17.09,18.08,1589303
2025-05-20,17.58,18.0,17.44,17.99,1017468
2025-05-21,17.555,18.58,16.66,16.975,1608250
2025-05-22,16.955,17.42,16.48,16.51,2251505
2025-05-23,15.225,15.995,15.11,15.715,2559922
2025-05-27,16.735,17.5,16.36,17.31,2479644
2025-05-28,17.43,17.57,16.9,17.04,2003650
2025-05-29,18.18,18.2,16.9,17.19,3196416
2025-05-30,16.895,16.9,15.245,16.16,3760510
2025-06-02,16.045,17.09,16.04,16.9,1842156
2025-06-03,16.93,18.38,16.58,18.31,3016143
2025-06-04,18.71,19.26,18.22,19.085,2483752
2025-06-05,19.51,19.98,18.44,18.84,3511667
2025-06-06,19.395,19.94,19.15,19.18,3102325
2025-06-09,19.715,21.05,19.705,20.57,3303659
2025-06-10,20.835,22.1,20.7,21.905,2769867
2025-06-11,22.21,22.59,20.99,21.66,2735557
2025-06-12,21.185,22.06,21.1,21.73,1517735
2025-06-13,20.295,21.05,19.84,20.04,3818459
2025-06-16,20.84,22.21,20.81,21.94,2689918
2025-06-17,21.625,22.53,21.34,21.39,3324580
2025-06-18,21.71,22.37,21.23,21.6,2019152
2025-06-20,22.22,22.32,20.38,21.21,2856676
2025-06-23,21.16,21.975,20.28,21.56,2507648
2025-06-24,22.67,24.03,22.64,23.98,2463897
2025-06-25,24.405,24.595,23.89,24.59,1680523
2025-06-26,25.185,25.35,24.6,25.185,1138228
2025-06-27,25.21,25.83,24.3,25.09,2389689
2025-06-30,25.49,25.495,24.68,25.01,1657227
2025-07-01,24.375,25.17,23.6,24.685,2358357
2025-07-02,24.51,26.39,24.51,26.085,2481164
2025-07-03,26.405,26.705,26.235,26.35,1084753
2025-07-07,25.73,26.05,24.63,24.94,1504215
2025-07-08,25.625,27.02,25.36,26.37,2168251
2025-07-09,26.575,27.405,25.9,26.63,1768321
2025-07-10,27.36,27.725,26.66,27.42,1382134
2025-07-11,26.86,27.54,26.56,27.26,617457
2025-07-14,26.625,26.765,25.33,26.48,1267804
2025-07-15,28.06,28.435,27.21,27.255,1424100
2025-07-16,26.58,27.04,24.92,27.015,1554232
2025-07-17,26.96,27.51,26.42,27.315,1750522
2025-07-18,27.685,27.89,26.76,27.335,978847
2025-07-21,27.585,28.49,27.45,27.45,1469581
2025-07-22,27.115,27.27,25.35,26.3,1629402
2025-07-23,25.685,25.91,24.855,25.8,1576319
2025-07-24,25.565,25.785,24.95,25.62,1237576
2025-07-25,25.165,25.62,24.83,25.59,858751
2025-07-28,26.41,26.99,26.36,26.97,2079619
2025-07-29,27.44,28.145,26.5,27.07,1819347
2025-07-30,27.74,28.12,26.94,27.64,2047266
2025-07-31,26.65,26.74,24.2,25.0,1734330
2025-08-01,23.48,24.83,22.57,24.08,2325040
2025-08-04,24.56,25.17,24.24,25.06,1755295
2025-08-05,25.43,25.67,23.62,24.52,1494192
2025-08-06,23.845,24.11,22.95,23.95,1906843
2025-08-07,25.475,25.88,24.54,25.14,2035107
2025-08-08,25.17,25.82,24.9,25.72,1565599
2025-08-11,26.025,26.88,25.45,25.61,1429896
2025-08-12,26.075,28.08,25.7,28.05,2166209
2025-08-13,28.68,29.32,28.32,29.26,1560492
2025-08-14,28.12,29.65,27.95,29.34,1501898
2025-08-15,28.555,28.555,27.08,27.31,1493135
2025-08-18,27.045,27.64,27.045,27.52,730643
2025-08-19,27.515,27.85,26.1,26.25,1408814
2025-08-20,26.105,26.105,23.66,25.76,1941562
2025-08-21,25.37,25.89,24.91,25.33,1215268
2025-08-22,25.56,28.3,25.36,27.44,1869746
2025-08-25,27.35,27.57,26.82,27.24,578204
2025-08-26,27.53,28.215,27.53,27.96,713169
2025-08-27,27.595,28.22,27.295,28.13,561688
2025-08-28,28.435,29.1,28.0,28.51,991522
2025-08-29,27.26,27.26,25.68,26.04,1380385
2025-09-02,24.025,25.275,23.8,25.26,1573513
2025-09-03,25.37,25.385,24.12,24.88,1559210
2025-09-04,24.41,25.72,23.99,25.635,1574821
2025-09-05,26.825,26.96,25.6,26.515,2232818
2025-09-08,26.97,27.43,26.7,27.1,1659336
2025-09-09,27.165,27.34,26.58,27.18,966917
2025-09-10,28.42,28.82,28.07,28.58,1787514
2025-09-11,29.055,29.61,28.975,29.16,1329177
2025-09-12,29.38,29.54,28.79,29.26,1016570
2025-09-15,29.1,30.03,28.93,30.03,1146231
2025-09-16,30.33,30.64,29.8,30.49,1153483
2025-09-17,30.24,31.235,29.17,30.45,1222147
2025-09-18,32.77,34.135,32.44,33.63,2331613
2025-09-19,33.535,33.56,32.12,32.97,1204504
2025-09-22,33.195,34.735,33.19,34.44,1008877
2025-09-23,34.66,35.28,33.67,34.32,1128174
2025-09-24,33.955,34.38,32.82,34.15,1280386
2025-09-25,32.43,34.05,31.36,33.82,1744295
2025-09-26,33.93,34.22,32.84,34.0,1487982
2025-09-29,35.02,35.48,33.99,34.01,845685
2025-09-30,33.94,34.95,33.58,34.87,913332
2025-10-01,34.18,36.97,34.0,36.875,1148035
2025-10-02,38.985,39.32,38.15,39.03,1076624
2025-10-03,39.5,40.05,37.64,38.23,1014243
2025-10-06,42.835,43.36,41.66,41.66,1477381
2025-10-07,42.73,43.01,38.72,38.84,1656150
2025-10-08,38.865,42.93,38.7,42.81,860725
2025-10-09,42.58,42.835,41.01,42.22,914895
2025-10-10,42.51,42.83,34.17,34.2,3067331
2025-10-13,38.22,39.47,37.415,39.14,1148133
2025-10-14,36.5,39.0,35.96,36.635,1266776
2025-10-15,39.37,40.17,37.75,39.99,1180308
2025-10-16,41.42,41.9,39.29,40.59,934459
2025-10-17,39.5,40.8,38.34,40.18,1168210
2025-10-20,41.17,43.02,41.15,42.11,810637
2025-10-21,41.82,42.02,40.57,41.45,675932
2025-10-22,40.08,40.8,35.97,38.385,1305131
2025-10-23,37.72,41.46,37.71,41.17,866337
2025-10-24,43.425,44.15,42.96,43.14,840969
2025-10-27,45.535,47.145,45.18,46.82,785402
2025-10-28,46.435,47.605,45.94,46.91,780729
2025-10-29,49.39,50.75,48.07,49.395,1505194
2025-10-30,48.495,49.96,47.28,47.32,912577
2025-10-31,48.775,49.985,46.74,47.73,1219686
2025-11-03,49.495,50.185,48.04,48.56,666237
2025-11-04,44.795,46.86,42.535,42.825,972893
2025-11-05,43.215,48.42,43.215,46.8,1017762
2025-11-06,46.46,46.98,42.215,43.075,835282
2025-11-07,41.09,41.74,37.05,41.735,2225847
2025-11-10,45.115,45.515,43.5,44.97,1037092
2025-11-11,43.63,44.01,41.65,41.865,1204827
2025-11-12,44.02,44.63,42.85,43.745,1331791
2025-11-13,42.17,42.6,38.0,39.235,1833324
2025-11-14,35.68,40.59,35.17,38.855,1629549
2025-11-17,37.845,39.99,35.54,36.83,1459171
2025-11-18,35.24,35.925,33.165,34.345,3966070
2025-11-19,34.71,37.25,34.2,35.95,2072776
2025-11-20,38.88,39.185,30.43,30.805,5551086
2025-11-21,30.855,33.04,28.125,31.66,4457965
2025-11-24,32.69,36.31,32.65,35.845,1684718
2025-11-25,34.345,36.45,32.05,36.17,2615564
2025-11-26,37.42,40.14,37.31,39.125,2074538
2025-11-28,39.715,41.3,39.27,41.28,1503638
2025-12-01,39.6,42.35,39.48,41.305,1897544
2025-12-02,42.73,44.6,42.04,43.795,2010463
2025-12-03,44.45,46.67,43.17,46.57,1678964
2025-12-04,45.9,46.08,44.445,45.2,1323738
2025-12-05,46.54,48.045,46.31,46.53,997240
2025-12-08,47.525,48.6,46.735,47.99,1096917
2025-12-09,46.935,48.02,46.475,47.78,621318
2025-12-10,47.645,50.08,47.02,49.61,975285
2025-12-11,47.985,48.89,44.68,48.8,804229
2025-12-12,46.905,47.355,41.06,41.725,1735610
2025-12-15,43.11,43.4,40.8,41.17,1082242
2025-12-16,40.75,41.63,39.24,40.435,1115609
2025-12-17,40.935,41.315,35.7,36.015,1388313
2025-12-18,39.975,40.4,38.11,38.58,1011326
2025-12-19,39.53,42.355,39.53,41.78,1062863
2025-12-22,44.45,44.55,42.73,43.27,948863
2025-12-23,42.615,43.79,42.23,43.7,615227
2025-12-24,43.68,44.355,43.59,44.19,528054
2025-12-26,44.745,44.76,43.81,44.18,594583
2025-12-29,42.975,44.31,42.37,43.86,694830
2025-12-30,44.155,44.75,43.58,43.7,515378
2025-12-31,43.85,44.135,42.02,42.02,570663
2026-01-02,45.13,48.085,45.12,47.24,2403223
2026-01-05,50.345,51.22,48.64,49.22,1832754
2026-01-06,51.11,54.29,51.08,53.97,1295108
2026-01-07,52.195,52.74,50.87,52.21,1041110
2026-01-08,51.73,51.76,48.14,49.65,1245644
2026-01-09,51.085,54.75,50.345,53.92,1429427
2026-01-12,52.385,55.13,52.385,54.65,671351
2026-01-13,55.63,57.63,55.45,56.085,808272
2026-01-14,54.88,55.43,53.01,55.43,678374
2026-01-15,60.955,61.64,58.025,58.1,1178006
2026-01-16,61.075,62.16,59.5,60.72,781326
2026-01-20,57.365,61.005,57.235,57.99,1221631
2026-01-21,60.24,65.1,59.48,63.485,1703563
2026-01-22,66.905,66.95,63.05,63.735,1164410
2026-01-23,62.55,63.345,60.175,61.53,965341
2026-01-26,60.78,61.89,59.65,60.685,696927
2026-01-27,63.31,65.98,62.56,64.965,1153444
2026-01-28,68.805,70.9,68.0,70.08,1109412
2026-01-29,70.41,71.96,62.67,70.48,1400445
2026-01-30,67.13,69.855,60.29,61.785,1469440
2026-02-02,59.46,66.9,59.325,65.21,862176
2026-02-03,66.81,67.575,57.03,61.245,1336960
2026-02-04,59.45,61.01,49.34,53.185,2504496
2026-02-05,51.305,55.47,50.03,53.26,2053241
2026-02-06,56.15,62.245,55.73,61.73,1419189
2026-02-09,59.965,65.04,59.29,63.985,850871
2026-02-10,64.45,65.205,61.49,63.265,508775
2026-02-11,67.22,69.09,63.275,67.985,848767
2026-02-12,69.7,70.83,62.89,63.095,860615
2026-02-13,63.93,66.21,61.49,64.63,1307410
