Date,Open,High,Low,Close,Volume
2020-07-27,46.84,47.85,46.84,47.75,21005
2020-07-28,47.54,47.93,46.75,46.83,24988
2020-07-29,47.43,48.82,47.4,48.52,22713
2020-07-30,47.05,48.2,46.18,48.02,53877
2020-07-31,48.99,49.18,46.91,49.18,40236
2020-08-03,50.03,50.57,49.81,50.31,25097
2020-08-04,49.92,50.7,49.91,50.68,20509
2020-08-05,51.39,51.86,51.36,51.79,16220
2020-08-06,51.46,52.82,51.32,52.77,24672
2020-08-07,52.3,52.96,51.875,52.78,38406
2020-08-10,53.2,53.38,52.24,53.345,19502
2020-08-11,54.02,54.25,51.7,52.035,39998
2020-08-12,53.37,54.57,53.37,54.23,23481
2020-08-13,53.83,54.55,53.5,53.92,19793
2020-08-14,53.75,54.14,53.42,53.89,21391
2020-08-17,54.44,54.57,54.32,54.36,7146
2020-08-18,54.75,54.94,53.95,54.66,13347
2020-08-19,54.97,55.225,53.845,54.11,26307
2020-08-20,53.52,54.79,53.49,54.65,9283
2020-08-21,54.45,55.24,54.365,55.19,12185
2020-08-24,56.38,56.64,56.02,56.63,7300
2020-08-25,57.07,57.42,56.68,57.41,6604
2020-08-26,57.74,59.29,57.5,59.17,12433
2020-08-27,59.26,60.29,58.82,59.57,20241
2020-08-28,59.86,60.75,59.78,60.75,5942
2020-08-31,60.59,61.03,60.08,60.49,13505
2020-09-01,60.45,61.76,60.07,61.76,6664
2020-09-02,62.67,64.93,62.22,64.6,20365
2020-09-03,63.45,63.66,56.27,57.9,72524
2020-09-04,57.93,58.85,52.71,56.46,60771
2020-09-08,53.29,53.97,51.575,51.87,41186
2020-09-09,53.74,55.975,53.28,54.87,28343
2020-09-10,55.5,56.04,51.44,51.99,49237
2020-09-11,52.8,53.18,50.66,52.09,34047
2020-09-14,53.61,54.77,53.33,54.01,19720
2020-09-15,55.37,55.63,54.33,54.85,16084
2020-09-16,55.55,56.21,54.16,54.195,20379
2020-09-17,51.53,53.55,51.51,52.71,21461
2020-09-18,53.06,53.06,49.92,50.9,18636
2020-09-21,48.6,49.16,46.92,49.16,45422
2020-09-22,49.92,50.935,48.77,50.765,16158
2020-09-23,50.92,51.07,46.97,47.19,15801
2020-09-24,46.51,48.85,46.06,47.62,33711
2020-09-25,47.13,49.99,47.03,49.92,11894
2020-09-28,51.96,52.6,51.47,52.11,19423
2020-09-29,52.1,52.53,51.19,51.62,12344
2020-09-30,52.12,54.19,51.7,52.865,29935
2020-10-01,53.99,54.41,52.75,53.64,17216
2020-10-02,50.99,53.11,50.93,52.23,37489
2020-10-05,53.49,54.96,53.47,54.89,10346
2020-10-06,54.96,56.0,52.31,52.75,30940
2020-10-07,54.08,55.65,54.08,55.41,22665
2020-10-08,56.24,56.74,55.84,56.74,9610
2020-10-09,57.64,58.44,57.4,58.03,7180
2020-10-12,59.58,61.82,59.45,61.06,19954
2020-10-13,60.88,60.94,59.48,60.1,16351
2020-10-14,60.17,60.73,58.45,58.705,25019
2020-10-15,56.59,58.74,56.51,58.45,21668
2020-10-16,59.18,60.11,58.62,58.62,10728
2020-10-19,59.12,59.35,55.29,55.635,47706
2020-10-20,56.42,58.04,56.12,56.52,26241
2020-10-21,56.31,57.38,55.95,56.05,26254
2020-10-22,56.38,57.24,55.15,56.995,31317
2020-10-23,57.63,57.63,56.28,57.45,14938
2020-10-26,55.71,56.14,52.6,54.35,48408
2020-10-27,54.49,54.66,53.86,53.9,20373
2020-10-28,50.85,51.095,48.105,48.19,40511
2020-10-29,48.28,51.23,47.77,50.015,15773
2020-10-30,48.98,49.5,46.61,48.18,63597
2020-11-02,49.73,50.64,48.52,49.68,45317
2020-11-03,51.39,53.41,51.18,52.455,20918
2020-11-04,54.83,57.95,54.19,55.815,70973
2020-11-05,58.73,60.08,58.56,59.42,27159
2020-11-06,59.0,59.77,57.94,59.24,19168
2020-11-09,66.28,66.29,61.17,61.21,67735
2020-11-10,61.01,61.6,59.43,61.09,40865
2020-11-11,62.375,62.94,61.72,62.47,22238
2020-11-12,61.94,62.31,59.77,60.57,18629
2020-11-13,61.86,63.51,61.42,63.245,28309
2020-11-16,64.67,65.24,64.02,64.995,14489
2020-11-17,64.19,65.09,63.33,64.435,15170
2020-11-18,64.65,64.9,62.22,62.22,13156
2020-11-19,61.76,63.1,61.07,63.025,20281
2020-11-20,62.75,62.75,61.59,61.59,15530
2020-12-07,68.98,69.12,68.255,68.925,12332
2020-12-09,69.74,69.89,67.31,68.12,12729
2020-12-18,70.695,70.695,68.62,70.21,15348
2020-12-21,68.01,69.31,66.3,68.98,12319
2021-01-04,71.94,71.94,67.29,69.26,15432
2021-01-05,69.47,71.15,69.03,70.81,11106
2021-01-06,69.94,73.86,69.94,71.93,25648
2021-01-08,76.18,76.47,74.07,76.46,30809
2021-01-15,73.7,74.06,72.22,73.075,16032
2021-01-25,78.07,78.17,74.76,78.04,12979
2021-01-27,75.6,75.6,70.72,71.71,47188
2021-01-28,73.43,76.29,73.21,73.84,12321
2021-01-29,71.51,73.32,68.85,69.49,38674
2021-02-01,71.86,73.49,70.37,72.92,14158
2021-02-02,74.93,76.93,74.93,76.0,10662
2021-02-03,76.65,77.24,75.7,76.425,12453
2021-02-04,76.96,78.51,76.96,78.51,5419
2021-02-11,81.88,82.12,80.21,81.54,8607
2021-02-12,81.5,82.81,81.44,82.81,14091
2021-02-16,83.59,83.59,82.34,82.62,20342
2021-02-17,81.38,82.73,80.85,82.555,23436
2021-02-18,80.84,81.99,79.89,81.405,18275
2021-02-19,82.16,82.51,80.88,81.04,42184
2021-02-22,79.235,80.77,79.17,79.26,34303
2021-02-23,77.78,80.23,75.11,79.46,60335
2021-02-24,79.26,82.42,78.3,82.27,21809
2021-02-25,81.7,81.77,75.24,76.36,122868
2021-02-26,77.34,78.1,73.84,75.1,65245
2021-03-01,78.38,81.07,78.12,80.495,11751
2021-03-02,80.66,80.74,78.5,78.52,29041
2021-03-03,78.24,78.72,75.515,75.57,27175
2021-03-04,75.57,76.71,69.88,72.21,75544
2021-03-05,74.56,76.54,70.3,76.54,18028
2021-03-08,76.16,78.95,75.81,75.815,23493
2021-03-09,78.0,80.3,77.98,78.5,23943
2021-03-10,80.32,81.13,79.6,80.09,14101
2021-03-11,81.84,83.88,81.6,82.81,13439
2021-03-12,81.64,83.01,81.23,82.9,17253
2021-03-15,83.13,84.54,81.8,84.54,11874
2021-03-16,84.95,85.23,83.62,84.19,11377
2021-03-17,83.17,85.38,82.52,84.865,16024
2021-03-18,83.54,84.47,80.935,81.2,16949
2021-03-19,80.63,81.98,79.51,80.99,10339
2021-03-22,81.32,83.535,81.25,82.74,13181
2021-03-23,82.24,83.13,80.205,80.75,24133
2021-03-24,81.76,82.57,79.64,79.64,12846
2021-03-25,78.4,81.12,77.52,81.12,31487
2021-03-26,81.65,84.655,81.36,84.635,21075
2021-03-29,84.3,85.105,82.85,84.42,14576
2021-03-30,83.78,84.2,82.86,83.34,27174
2021-03-31,84.94,85.87,84.69,85.09,11257
2021-04-01,86.22,87.66,86.22,87.59,13774
2021-04-05,89.58,91.76,89.58,91.56,17843
2021-04-07,91.47,91.73,90.93,91.42,3762
2021-04-08,92.54,92.86,91.8,92.775,8710
2021-04-09,92.76,94.89,92.76,94.83,34156
2021-04-12,94.46,95.125,94.16,94.85,28731
2021-04-13,94.9,96.25,94.71,95.89,19171
2021-04-14,96.27,96.52,94.47,94.66,32759
2021-04-15,96.59,98.0,96.49,97.69,14919
2021-04-16,98.79,99.235,97.94,98.845,13940
2021-04-19,98.34,98.46,96.48,97.13,10665
2021-04-20,96.44,96.82,94.19,95.42,11190
2021-04-21,94.72,97.93,94.72,97.84,12274
2021-04-22,97.42,98.41,94.7,95.335,56552
2021-04-23,95.66,99.23,95.66,98.38,20627
2021-04-26,98.85,99.3,98.57,98.75,20905
2021-04-27,98.94,99.305,98.34,98.68,15227
2021-04-28,99.1,99.75,98.59,98.66,24932
2021-04-29,100.93,100.93,98.17,100.47,31003
2021-04-30,98.79,99.52,98.045,98.41,27048
2021-05-03,100.12,100.47,99.06,99.08,30247
2021-05-04,97.72,98.07,94.77,97.115,88552
2021-05-05,98.7,98.81,97.04,97.34,33252
2021-05-06,97.45,99.86,96.16,99.86,28621
2021-05-07,100.46,102.5,99.99,102.155,38309
2021-05-10,102.44,102.44,99.0,99.0,43204
2021-05-11,95.36,97.03,93.51,96.31,81293
2021-05-12,94.35,95.19,89.83,90.22,91905
2021-05-13,91.38,94.72,91.38,93.6,69134
2021-05-14,95.45,98.275,95.45,97.8,38956
2021-05-17,96.93,97.38,95.47,96.95,54122
2021-05-18,97.2,97.28,94.78,94.78,41501
2021-05-19,90.92,93.46,89.94,93.46,79872
2021-05-20,94.31,97.58,94.31,96.49,40334
2021-05-21,97.86,98.66,96.15,96.34,41412
2021-05-24,98.82,100.19,98.8,99.37,12679
2021-05-25,100.37,100.52,98.44,98.71,22244
2021-05-26,99.28,99.63,98.57,99.05,17668
2021-05-27,100.12,100.43,99.42,99.89,18085
2021-05-28,100.68,100.84,100.075,100.08,18024
2021-06-01,101.84,101.93,99.51,99.68,15900
2021-06-02,100.16,100.78,99.78,100.18,16366
2021-06-03,98.5,99.9,97.38,99.25,26649
2021-06-04,100.52,101.96,100.52,101.74,19833
2021-06-07,101.77,101.81,100.92,101.63,8648
2021-06-08,102.2,102.2,100.23,102.02,19621
2021-06-09,102.19,102.19,101.08,101.19,20463
2021-06-10,102.24,103.18,101.26,102.47,24545
2021-06-11,102.94,103.08,101.96,102.67,32921
2021-06-14,103.04,103.44,102.17,103.44,18360
2021-06-15,103.8,103.8,102.72,103.02,24081
2021-06-16,103.3,103.3,100.0,101.435,36540
2021-06-17,101.38,101.99,99.4,101.54,107792
2021-06-18,98.91,99.19,97.21,97.21,191522
2021-06-21,98.51,101.48,97.88,101.48,117530
2021-06-22,101.32,103.53,100.84,102.91,107415
2021-06-23,103.03,103.6,102.55,102.55,116407
2021-06-24,104.25,104.67,104.05,104.31,97839
2021-06-25,104.99,105.75,104.9,105.42,41444
2021-06-28,105.87,106.18,104.955,106.11,16507
2021-06-29,106.41,106.77,105.87,106.28,47090
2021-06-30,106.13,107.0,106.12,106.82,58483
2021-07-01,107.13,108.3,107.13,108.25,23703
2021-07-02,109.19,110.99,109.05,110.73,50081
2021-07-06,110.84,110.91,108.01,110.05,72183
2021-07-07,110.79,111.5,109.42,111.18,59553
2021-07-08,106.84,109.09,106.06,108.14,96073
2021-07-09,109.77,112.19,109.77,111.94,28435
2021-07-12,111.92,113.39,111.66,113.19,30015
2021-07-13,112.59,113.66,111.88,111.88,9382
2021-07-15,111.5,111.98,109.88,111.32,34889
2021-07-16,112.37,112.37,108.45,108.67,36893
2021-07-19,104.8,105.19,101.75,103.52,86614
2021-07-20,104.44,109.36,104.02,108.41,81970
2021-07-21,109.3,111.11,109.3,111.02,56056
2021-07-22,111.25,111.83,110.38,111.71,28179
2021-07-23,113.13,115.33,112.93,115.055,35606
2021-07-26,114.65,115.9,114.65,115.9,15953
2021-07-27,114.95,114.95,111.99,114.22,19684
2021-07-28,114.95,115.35,113.38,114.65,16518
2021-07-30,113.53,115.16,113.53,113.83,17269
2021-08-02,115.41,115.77,113.04,113.13,15426
2021-08-03,114.04,115.74,112.24,115.74,7978
2021-08-04,114.85,115.2,114.2,114.73,8375
2021-08-05,115.28,116.12,115.28,116.12,4364
2021-08-06,116.76,117.3,116.45,116.96,10864
2021-08-09,116.98,117.17,116.1,116.63,11536
2021-08-10,116.85,117.65,116.555,117.03,11495
2021-08-11,117.98,117.98,117.085,117.84,12952
2021-08-12,117.54,119.13,117.3,119.0,9519
2021-08-13,119.35,119.55,119.09,119.365,13176
2021-08-16,118.64,120.5,117.26,120.5,14814
2021-08-17,118.29,118.68,115.82,118.07,20570
2021-08-18,117.34,118.52,114.68,114.7,37541
2021-08-19,111.89,115.66,111.84,114.49,33548
2021-08-20,114.65,117.74,114.65,117.57,19357
2021-08-23,119.0,121.28,119.0,120.56,13671
2021-08-24,121.05,121.6,120.75,121.13,11459
2021-08-25,121.41,122.25,121.1,121.92,13684
2021-08-26,121.63,121.92,119.78,119.78,24926
2021-08-27,120.85,123.27,120.65,122.91,39961
2021-08-30,123.62,125.24,123.46,124.66,12229
2021-08-31,124.18,124.775,123.73,124.07,17863
2021-09-01,124.83,125.17,124.07,124.23,14698
2021-09-02,125.5,125.805,124.41,125.23,16083
2021-09-03,124.71,125.61,124.21,125.24,10463
2021-09-07,124.2,124.655,123.405,123.92,12792
2021-09-08,123.38,123.88,121.94,123.35,25650
2021-09-09,123.67,124.74,121.66,121.67,11138
2021-09-10,122.7,122.7,118.88,118.88,36440
2021-09-13,121.19,121.22,117.98,119.82,54501
2021-09-14,121.17,121.2,117.19,117.8,50088
2021-09-15,118.34,121.23,117.39,120.64,62531
2021-09-16,120.44,121.11,117.92,120.24,45969
2021-09-17,119.34,119.62,116.43,117.3,51278
2021-09-20,111.29,112.8,106.86,110.89,55196
2021-09-21,112.88,113.6,110.14,111.05,24412
2021-09-22,112.34,115.42,111.78,113.8,35227
2021-09-23,115.355,119.22,115.355,117.865,48783
2021-09-24,116.45,118.99,116.45,118.57,22401
2021-09-27,117.59,118.45,117.06,117.48,12700
2021-09-28,114.86,115.21,109.86,110.5,47094
2021-09-29,111.21,112.73,110.63,110.89,43912
2021-09-30,112.2,112.62,106.91,106.91,115507
2021-10-01,108.36,111.58,105.45,110.35,35526
2021-10-04,109.69,110.3,104.65,106.34,49842
2021-10-05,107.55,111.39,107.21,109.5,46749
2021-10-06,106.72,111.12,105.66,111.12,72442
2021-10-07,113.69,116.08,113.545,113.67,26887
2021-10-08,114.58,114.65,112.87,113.31,28052
2021-10-11,112.705,115.06,110.87,110.89,57945
2021-10-12,111.28,111.82,109.36,110.075,43815
2021-10-13,111.02,111.72,108.66,111.01,42865
2021-10-14,114.2,116.79,113.88,116.75,19186
2021-10-15,118.57,119.61,118.17,119.4,26566
2021-10-18,117.89,120.71,117.34,120.51,32250
2021-10-19,121.87,123.25,121.52,123.0,15290
2021-10-20,123.58,124.88,123.58,124.6,16241
2021-10-21,124.07,125.76,123.84,125.75,16571
2021-10-22,125.57,126.37,123.58,125.27,32447
2021-10-25,126.185,127.5,124.72,126.88,18378
2021-10-26,128.43,129.59,127.3,127.99,19343
2021-10-27,127.99,128.5,125.89,125.89,25675
2021-10-28,127.13,129.56,127.13,129.56,28535
2021-10-29,127.39,130.535,127.21,130.52,21613
2021-11-01,131.2,131.315,129.48,130.76,25053
2021-11-02,131.3,132.66,131.27,132.37,13861
2021-11-03,132.18,135.24,131.65,134.97,26324
2021-11-04,135.445,136.92,135.34,136.43,23820
2021-11-05,139.06,139.82,137.15,138.32,22619
2021-11-08,139.17,139.71,138.03,138.62,7025
2021-11-09,139.17,139.17,135.91,137.24,23018
2021-11-10,136.04,137.18,132.64,134.31,27530
2021-11-11,135.35,135.35,134.04,134.04,21109
2021-11-12,135.24,137.23,134.35,137.12,14024
2021-11-15,138.3,138.3,136.29,137.18,24608
2021-11-16,137.19,139.85,137.19,138.74,18067
2021-11-17,138.5,138.68,137.32,137.74,13002
2021-11-18,138.35,139.41,136.44,138.99,21262
2021-11-19,139.07,139.91,138.27,138.55,16567
2021-11-22,140.22,142.49,137.22,137.22,24822
2021-11-23,136.91,138.32,134.75,138.04,30978
2021-11-24,135.37,138.92,135.2,138.84,16952
2021-11-26,132.57,133.81,128.57,129.44,52428
2021-11-29,133.89,135.74,132.03,134.41,21052
2021-11-30,131.87,133.69,126.31,127.1,72921
2021-12-01,131.59,134.025,122.33,122.33,57218
2021-12-02,122.39,129.105,122.33,127.85,49878
2021-12-03,129.27,130.21,120.87,124.35,77304
2021-12-06,126.78,130.37,124.68,128.71,31774
2021-12-07,133.72,137.26,133.72,136.91,24625
2021-12-08,137.36,138.33,135.97,138.12,13708
2021-12-09,136.78,137.47,135.43,135.5,14866
2021-12-10,137.59,139.03,135.44,138.96,15986
2021-12-13,138.56,138.61,135.23,135.235,24796
2021-12-14,132.18,134.22,129.92,131.94,30368
2021-12-15,132.62,138.92,130.365,138.92,42377
2021-12-16,140.47,140.47,133.74,135.28,31780
2021-12-17,132.21,134.69,129.18,130.97,38728
2021-12-20,126.08,126.84,123.3,126.46,53123
2021-12-21,129.99,133.22,127.84,133.2,23036
2021-12-22,133.42,137.2,133.23,137.07,16567
2021-12-23,138.64,140.97,138.64,139.67,11500
2021-12-27,141.08,145.55,141.08,145.55,12524
2021-12-28,145.9,146.88,144.66,145.2,21446
2021-12-29,145.58,146.68,144.65,145.78,10818
2021-12-30,146.21,147.13,144.17,144.18,18257
2021-12-31,144.07,145.1,143.47,143.47,13117
2022-01-03,144.58,145.94,142.58,145.94,35393
2022-01-04,147.32,147.79,144.01,145.82,22994
2022-01-05,145.01,146.0,137.66,137.66,42671
2022-01-06,136.88,139.39,135.01,136.8,40843
2022-01-07,136.61,137.91,134.24,135.56,23013
2022-01-10,132.28,134.66,127.35,134.66,58862
2022-01-11,134.48,138.34,132.01,138.19,37670
2022-01-12,140.05,141.33,138.26,139.65,25835
2022-01-13,140.81,141.0,133.09,133.85,38317
2022-01-14,130.82,134.11,129.76,134.0,44035
2022-01-18,129.57,129.69,125.86,126.29,55740
2022-01-19,128.08,129.38,122.63,122.88,43415
2022-01-20,124.67,128.41,118.36,118.69,63508
2022-01-21,117.84,119.59,111.98,112.98,98093
2022-01-24,107.22,113.305,98.58,113.12,243176
2022-01-25,107.87,112.9,103.44,108.84,147019
2022-01-26,113.92,115.98,104.82,108.53,169580
2022-01-27,111.84,114.27,105.27,106.91,96108
2022-01-28,107.61,114.23,104.03,114.23,103202
2022-01-31,113.9,120.91,113.1,120.86,40064
2022-02-01,120.79,123.62,118.3,123.54,40429
2022-02-02,125.2,127.34,123.21,126.68,69148
2022-02-03,121.36,123.02,117.2,117.93,66962
2022-02-04,117.87,122.5,115.59,119.91,58722
2022-02-07,120.14,121.04,117.34,117.34,28912
2022-02-08,118.15,121.92,116.62,121.195,27082
2022-02-09,124.69,126.6,124.65,126.0,33365
2022-02-10,121.44,126.58,117.91,119.96,109096
2022-02-11,120.18,121.29,111.42,112.91,79645
2022-02-14,112.4,113.22,108.78,111.83,85945
2022-02-15,115.15,116.89,114.76,116.875,44380
2022-02-16,115.34,117.99,113.57,117.16,37170
2022-02-17,114.66,114.79,109.25,109.72,39262
2022-02-18,109.92,110.84,105.87,107.47,59344
2022-02-22,105.81,108.37,101.51,103.95,40109
2022-02-23,106.27,106.71,98.15,98.36,67547
2022-02-24,90.79,103.2,90.74,102.91,132496
2022-02-25,103.845,109.71,102.68,109.47,92109
2022-02-28,105.53,110.08,104.56,108.99,90915
2022-03-01,108.36,109.11,101.85,103.89,84780
2022-03-02,105.76,110.71,105.14,109.605,78258
2022-03-03,111.49,111.91,106.65,107.64,72199
2022-03-04,105.22,106.19,102.21,105.49,66914
2022-03-07,104.75,105.06,96.07,96.07,42718
2022-03-08,96.16,101.145,93.04,94.04,92704
2022-03-09,99.81,102.4,98.515,101.185,41477
2022-03-10,98.11,100.31,96.45,100.05,39926
2022-03-11,101.99,102.23,96.24,96.24,43700
2022-03-14,96.84,99.16,93.23,93.89,61296
2022-03-15,95.95,100.56,94.97,99.94,76207
2022-03-16,103.04,106.35,99.37,106.35,70079
2022-03-17,105.42,110.33,105.4,110.07,33716
2022-03-18,109.73,114.63,109.37,114.48,31558
2022-03-21,114.57,116.0,111.77,114.09,40015
2022-03-22,115.66,119.16,115.66,118.07,23695
2022-03-23,116.32,117.53,114.71,114.91,22497
2022-03-24,115.455,118.69,114.79,118.69,26668
2022-03-25,119.4,120.81,117.5,120.09,20626
2022-03-28,120.19,123.16,118.69,123.16,16224
2022-03-29,126.67,128.23,124.47,127.58,33495
2022-03-30,127.08,127.43,123.77,124.71,20805
2022-03-31,124.88,125.47,119.69,119.96,33088
2022-04-01,120.71,121.08,117.96,120.69,23405
2022-04-04,120.68,123.72,120.25,123.65,16158
2022-04-05,122.9,124.6,118.29,119.01,28547
2022-04-06,115.75,117.41,113.26,115.85,35131
2022-04-07,114.83,118.68,113.29,117.03,44732
2022-04-08,116.65,118.54,115.1,116.055,30069
2022-04-11,113.6,114.23,109.93,110.07,30891
2022-04-12,112.23,114.39,108.0,109.24,38952
2022-04-13,109.01,113.28,109.01,112.9,24628
2022-04-14,113.2,113.68,108.5,108.72,18845
2022-04-18,108.0,110.0,107.01,108.41,22986
2022-04-19,108.6,114.44,108.51,113.57,18189
2022-04-20,115.42,115.72,112.76,113.65,32853
2022-04-21,117.03,117.69,108.08,108.48,45153
2022-04-22,107.45,107.74,99.25,99.3,45382
2022-04-25,97.82,101.31,94.65,101.22,62387
2022-04-26,99.27,99.36,92.77,92.77,65576
2022-04-27,93.39,96.86,91.84,93.09,52031
2022-04-28,97.11,101.58,93.7,100.25,37156
2022-04-29,97.4,98.74,88.75,89.4,87720
2022-05-02,89.21,91.58,84.95,90.81,57153
2022-05-03,90.87,93.6,90.25,92.29,37322
2022-05-04,92.4,100.67,90.41,100.42,69436
2022-05-05,97.34,97.34,86.77,89.41,121106
2022-05-06,88.06,90.29,84.54,88.22,103068
2022-05-09,84.24,84.63,78.7,80.05,76283
2022-05-10,83.59,84.22,77.71,80.37,93484
2022-05-11,79.65,83.05,76.14,76.19,65098
2022-05-12,74.41,77.98,71.94,76.15,110187
2022-05-13,78.65,82.33,78.05,81.37,53954
2022-05-16,80.58,82.87,79.13,80.22,50559
2022-05-17,84.27,85.46,82.31,85.15,100537
2022-05-18,82.54,82.6,74.42,75.33,143410
2022-05-19,73.35,76.27,72.66,74.02,109980
2022-05-20,75.82,76.11,68.98,73.97,50788
2022-05-23,75.44,78.07,74.78,77.78,29049
2022-05-24,75.6,76.73,72.2,75.92,81869
2022-05-25,75.35,79.17,75.35,78.27,46183
2022-05-26,79.59,83.86,79.59,82.88,45201
2022-05-27,84.52,88.77,84.52,88.77,31666
2022-05-31,87.94,89.71,85.65,87.55,68525
2022-06-01,88.9,89.47,83.69,85.695,69411
2022-06-02,85.18,90.16,84.02,90.16,32950
2022-06-03,86.91,87.99,85.16,85.67,35564
2022-06-06,88.53,89.53,85.99,86.66,25147
2022-06-07,84.24,89.28,84.1,89.07,20813
2022-06-08,87.26,88.92,85.84,86.17,29054
2022-06-09,84.85,86.22,80.0,80.0,34298
2022-06-10,75.88,76.34,73.0,73.05,47316
2022-06-13,67.32,68.27,63.73,64.61,106806
2022-06-14,65.18,66.14,62.42,63.82,67057
2022-06-15,66.03,69.03,63.55,66.64,43581
2022-06-16,62.3,62.3,58.73,60.11,54642
2022-06-17,60.39,61.89,58.65,60.555,44343
2022-06-21,63.41,65.6,63.38,64.93,15894
2022-06-22,62.54,66.71,62.48,65.01,22320
2022-06-23,65.41,66.66,63.94,66.66,38583
2022-06-24,68.41,72.55,68.25,72.55,38851
2022-06-27,73.24,73.37,71.35,71.76,44728
2022-06-28,72.92,74.31,67.5,67.5,81807
2022-06-29,67.75,68.33,66.31,67.43,61135
2022-06-30,65.12,67.46,63.22,65.85,109252
2022-07-01,65.25,67.93,63.86,67.66,80785
2022-07-05,64.97,68.07,63.26,68.07,71382
2022-07-06,68.17,70.15,66.89,68.785,61264
2022-07-07,69.81,72.27,69.81,71.87,28224
2022-07-08,70.88,72.72,70.22,71.56,42251
2022-07-11,70.52,70.6,68.8,69.14,47304
2022-07-12,68.88,70.04,66.36,67.37,40101
2022-07-13,64.32,67.77,64.09,66.28,87621
2022-07-14,63.66,66.09,62.17,65.675,96185
2022-07-15,68.28,69.54,67.2,69.54,55376
2022-07-18,71.5,71.55,67.14,67.79,73779
2022-07-19,69.9,73.49,69.73,73.39,36041
2022-07-20,73.13,75.42,72.62,74.66,90189
2022-07-21,74.17,76.855,72.89,76.74,30952
2022-07-22,76.95,77.67,73.41,74.805,53924
2022-07-25,75.16,75.51,73.72,75.02,64216
2022-07-26,73.93,74.0,71.84,72.41,57690
2022-07-27,74.28,78.92,74.12,77.97,69417
2022-07-28,78.44,81.26,76.35,80.82,93548
2022-07-29,81.77,84.9,81.31,84.4,58646
2022-08-01,82.65,85.16,82.25,83.7,59383
2022-08-02,82.58,84.88,81.32,81.99,35093
2022-08-03,83.32,86.51,83.17,85.68,40795
2022-08-04,85.78,86.1,84.6,85.58,27713
2022-08-05,82.78,85.46,82.78,85.14,35198
2022-08-08,86.21,87.56,84.13,84.89,23888
2022-08-09,84.17,84.5,83.13,83.81,19850
2022-08-10,88.34,89.15,87.085,88.97,35741
2022-08-11,90.76,92.07,88.61,89.12,35696
2022-08-12,90.25,93.51,89.745,93.47,30899
2022-08-15,91.98,94.95,91.98,94.6,27685
2022-08-16,93.89,96.55,93.43,95.27,27263
2022-08-17,92.69,95.02,91.89,93.18,48308
2022-08-18,93.28,94.39,92.43,93.79,34871
2022-08-19,91.99,92.14,89.53,90.33,17716
2022-08-22,86.79,86.79,83.89,84.52,134620
2022-08-23,84.14,85.7,83.5,83.77,27953
2022-08-24,83.45,85.5,83.3,84.47,122647
2022-08-25,85.19,88.055,85.03,88.05,34754
2022-08-26,87.93,88.37,79.23,79.26,51193
2022-08-29,77.19,79.47,76.8,77.51,56066
2022-08-30,78.06,78.12,73.75,74.99,67866
2022-08-31,75.99,76.69,73.33,73.39,39328
2022-09-01,71.96,73.95,70.41,73.95,74818
2022-09-02,76.12,76.78,70.5,71.25,86910
2022-09-06,72.31,72.5,69.55,70.76,24092
2022-09-07,70.62,74.98,70.59,74.35,32373
2022-09-08,72.75,76.255,72.59,76.01,39458
2022-09-09,77.63,80.01,77.3,79.45,37855
2022-09-12,80.79,82.46,80.61,82.05,30422
2022-09-13,76.55,77.1,70.74,71.325,70534
2022-09-14,71.65,72.93,70.305,72.28,34767
2022-09-15,71.13,72.62,68.94,69.62,49511
2022-09-16,67.5,68.35,66.21,68.16,48878
2022-09-19,66.23,69.56,66.23,69.54,38289
2022-09-20,67.29,68.18,65.73,67.17,28945
2022-09-21,68.09,69.82,63.68,63.68,111771
2022-09-22,63.25,63.66,61.66,62.03,51811
2022-09-23,60.08,60.08,56.6,58.86,78601
2022-09-26,58.05,59.87,56.51,57.05,73263
2022-09-27,58.85,59.96,55.49,56.69,102658
2022-09-28,56.9,60.79,56.33,59.87,67638
2022-09-29,58.14,58.14,54.73,56.12,87689
2022-09-30,55.87,57.58,53.53,53.66,95337
2022-10-03,55.45,58.59,54.88,57.68,68744
2022-10-04,60.59,63.13,60.55,63.13,51587
2022-10-05,60.83,63.74,59.62,62.74,87790
2022-10-06,62.31,63.46,60.5,60.71,79371
2022-10-07,58.59,58.73,54.77,55.67,70330
2022-10-10,56.15,56.19,53.27,54.4,65379
2022-10-11,53.51,55.64,52.44,53.34,85643
2022-10-12,53.39,54.17,52.72,52.925,49797
2022-10-13,49.45,57.54,49.0,56.92,246315
2022-10-14,57.95,58.57,52.72,52.93,60861
2022-10-17,55.81,57.5,55.81,57.03,102820
2022-10-18,60.965,61.03,57.425,59.01,73427
2022-10-19,57.84,59.35,56.45,57.83,72737
2022-10-20,57.52,59.61,55.93,56.3,88725
2022-10-21,56.14,60.59,55.46,60.36,86963
2022-10-24,61.18,63.1,60.0,62.49,99819
2022-10-25,63.23,65.625,62.79,65.41,48125
2022-10-26,63.87,66.74,63.81,64.1,139564
2022-10-27,64.785,65.5,62.71,62.73,60670
2022-10-28,62.87,67.71,62.85,67.495,138446
2022-10-31,66.06,67.09,65.51,65.97,78369
2022-11-01,67.96,67.96,64.5,65.19,106981
2022-11-02,64.78,67.14,60.29,60.32,189702
2022-11-03,58.55,59.83,57.34,58.285,139797
2022-11-04,61.07,61.985,57.82,60.78,236626
2022-11-07,61.53,62.805,60.53,62.5,59792
2022-11-08,63.13,65.02,61.48,63.51,83485
2022-11-09,62.3,62.97,59.34,59.58,50383
2022-11-10,66.17,69.51,65.12,69.36,135755
2022-11-11,69.81,71.75,68.83,71.32,86066
2022-11-14,70.39,72.2,69.38,69.38,29378
2022-11-15,72.8,73.27,69.26,71.225,110003
2022-11-16,70.35,70.83,69.29,69.71,98033
2022-11-17,66.95,69.32,66.88,68.99,67076
2022-11-18,70.76,70.76,68.36,69.94,60076
2022-11-21,69.18,69.7,68.14,69.12,86819
2022-11-22,70.13,71.95,69.39,71.87,58131
2022-11-23,71.65,73.42,71.54,73.06,95951
2022-11-25,72.89,73.4,72.72,73.01,31700
2022-11-28,71.29,72.2,69.14,69.65,111011
2022-11-29,69.59,70.25,68.2,69.28,61514
2022-11-30,69.27,75.57,68.39,75.57,53863
2022-12-01,76.35,76.94,74.13,75.56,21950
2022-12-02,72.69,75.74,72.69,75.2,77258
2022-12-05,73.52,74.07,70.46,71.21,65879
2022-12-06,71.01,71.23,66.955,68.13,63757
2022-12-07,67.46,68.86,67.1,67.69,109049
2022-12-08,68.64,69.74,67.89,69.215,92044
2022-12-09,68.57,69.9,67.6,67.64,44923
2022-12-12,68.01,70.5,67.78,70.5,37258
2022-12-13,76.56,76.56,70.61,72.11,167488
2022-12-14,71.99,74.07,69.12,70.915,137128
2022-12-15,67.95,68.44,64.59,65.51,180105
2022-12-16,64.035,64.67,62.0,63.19,121515
2022-12-19,63.235,63.34,60.65,61.58,52411
2022-12-20,60.97,62.4,60.4,61.63,71411
2022-12-21,62.91,64.86,62.67,64.03,116184
2022-12-22,62.72,62.85,58.66,61.58,153989
2022-12-23,61.045,62.5,60.38,62.445,50430
2022-12-27,62.54,62.64,60.99,61.8,63168
2022-12-28,61.8,62.73,59.44,59.62,122935
2022-12-29,60.89,63.08,60.72,62.61,198727
2022-12-30,61.24,62.14,60.2,62.14,75217
2023-01-03,63.05,63.945,59.89,61.33,74992
2023-01-04,62.47,63.7,60.975,62.725,132417
2023-01-05,61.65,61.66,60.29,60.52,174564
2023-01-06,61.98,65.15,60.55,64.64,80317
2023-01-09,65.78,67.4,64.45,64.54,75649
2023-01-10,64.3,65.89,63.79,65.89,69939
2023-01-11,66.71,68.42,66.3,68.42,97011
2023-01-12,68.98,69.81,66.775,69.07,89909
2023-01-13,67.26,70.07,67.21,69.8,69063
2023-01-17,69.89,70.635,69.075,69.42,52716
2023-01-18,70.12,70.48,66.04,66.16,128055
2023-01-19,65.13,65.82,63.93,64.56,82319
2023-01-20,65.19,68.22,64.48,68.18,43541
2023-01-23,68.6,71.59,68.18,70.64,63967
2023-01-24,69.7,70.87,69.02,70.56,46605
2023-01-25,68.03,70.5,66.95,70.395,71427
2023-01-26,71.92,72.715,70.26,72.715,70851
2023-01-27,72.05,74.5,72.04,73.15,60273
2023-01-30,71.56,72.82,70.25,70.37,79134
2023-01-31,70.74,73.45,70.6,73.44,42370
2023-02-01,72.72,77.39,71.34,75.62,103032
2023-02-02,78.02,79.82,76.93,79.04,121654
2023-02-03,76.04,79.12,75.82,76.53,87816
2023-02-06,75.165,75.89,74.14,75.17,82521
2023-02-07,74.57,78.72,73.9,78.1,90508
2023-02-08,76.85,77.615,75.09,75.545,86733
2023-02-09,77.46,77.55,72.83,73.4,68017
2023-02-10,72.81,74.07,72.29,73.85,47890
2023-02-13,74.3,76.49,74.01,76.42,35614
2023-02-14,75.57,77.66,74.05,76.38,85704
2023-02-15,75.09,77.11,74.655,77.11,91965
2023-02-16,74.13,76.4,73.81,73.82,89619
2023-02-17,72.59,73.34,71.47,73.14,74659
2023-02-21,70.91,71.44,68.64,68.75,74315
2023-02-22,68.98,69.77,67.72,68.56,109569
2023-02-23,70.05,70.29,67.27,69.49,102382
2023-02-24,66.7,67.7,65.87,67.29,83688
2023-02-27,69.07,69.66,67.46,67.75,66871
2023-02-28,67.64,68.62,67.24,67.3,71672
2023-03-01,66.66,67.315,65.66,66.32,96215
2023-03-02,65.255,68.29,65.14,67.68,79228
2023-03-03,68.8,71.17,68.43,71.07,84277
2023-03-06,71.52,72.77,71.0,71.27,67940
2023-03-07,71.09,71.29,67.57,67.91,77210
2023-03-08,67.94,68.61,67.03,68.2,83281
2023-03-09,68.595,69.39,63.865,64.38,132859
2023-03-10,64.0,65.13,60.78,61.58,149104
2023-03-13,59.62,63.56,59.08,61.25,254470
2023-03-14,63.75,65.07,62.05,64.345,121037
2023-03-15,61.37,63.11,60.34,62.96,177878
2023-03-16,61.71,66.44,61.7,66.295,90250
2023-03-17,65.77,66.18,63.26,64.01,98603
2023-03-20,64.39,65.99,64.01,65.69,93897
2023-03-21,67.3,68.36,66.44,68.1,59571
2023-03-22,68.03,69.7,64.99,64.99,77533
2023-03-23,66.1,67.98,63.73,65.3,72927
2023-03-24,64.3,66.31,63.22,66.31,113835
2023-03-27,67.51,67.85,66.225,66.66,77839
2023-03-28,66.27,66.6,65.3,66.22,60289
2023-03-29,68.35,69.22,67.77,69.105,66808
2023-03-30,70.47,70.585,69.29,70.17,83565
2023-03-31,70.74,73.31,70.68,73.12,63791
2023-04-03,72.88,74.14,72.66,73.96,71887
2023-04-04,74.34,74.48,71.98,72.76,79655
2023-04-05,72.345,72.67,71.25,72.12,57946
2023-04-06,71.64,73.01,71.07,72.89,46848
2023-04-10,71.56,73.09,71.17,73.09,38404
2023-04-11,73.37,73.87,72.8,73.11,34739
2023-04-12,74.17,74.36,71.94,72.17,65739
2023-04-13,72.75,75.19,72.55,74.98,41405
2023-04-14,74.65,75.83,73.135,74.52,57033
2023-04-17,74.38,75.215,73.72,75.11,45549
2023-04-18,76.05,76.05,74.575,75.36,59250
2023-04-19,74.31,75.76,74.26,75.37,100302
2023-04-20,73.61,75.0,73.15,73.88,82336
2023-04-21,74.09,74.3,73.08,74.17,71048
2023-04-24,74.05,74.56,73.26,74.32,64013
2023-04-25,73.22,73.5,70.77,70.77,86049
2023-04-26,71.17,71.67,69.6,69.95,80661
2023-04-27,71.17,74.12,71.14,74.015,79452
2023-04-28,73.63,75.795,73.63,75.765,36281
2023-05-01,75.58,76.69,75.48,75.645,43990
2023-05-02,75.17,75.17,71.4,72.975,150004
2023-05-03,73.27,74.57,71.38,71.51,165696
2023-05-04,70.93,70.98,69.2,69.85,107975
2023-05-05,71.72,74.3,71.72,73.58,80075
2023-05-08,73.89,74.0,73.02,73.77,34344
2023-05-09,72.905,73.4,72.69,72.84,17073
2023-05-10,74.365,74.65,71.73,73.8,84175
2023-05-11,73.26,73.44,72.3,73.37,34782
2023-05-12,73.98,73.98,71.68,73.01,36468
2023-05-15,73.26,73.94,72.3,73.68,28098
2023-05-16,73.09,73.6,72.24,72.24,27106
2023-05-17,73.345,75.18,72.5,74.81,62385
2023-05-18,74.63,77.17,74.52,77.06,55011
2023-05-19,77.43,77.69,75.95,76.57,51006
2023-05-22,76.63,77.5,75.9,76.57,80284
2023-05-23,75.69,76.22,73.84,74.17,88476
2023-05-24,73.13,73.275,71.76,72.39,105406
2023-05-25,74.21,74.97,73.06,74.19,72574
2023-05-26,74.54,77.44,74.52,77.02,50122
2023-05-30,78.18,78.4,76.31,77.065,61321
2023-05-31,75.99,76.48,74.96,75.76,70288
2023-06-01,75.93,78.495,75.19,77.87,174299
2023-06-02,79.38,81.63,79.14,81.19,46974
2023-06-05,81.81,82.15,80.335,80.8,33204
2023-06-06,80.47,81.47,80.11,81.3,19948
2023-06-07,81.48,82.07,80.16,80.44,74375
2023-06-08,80.32,82.03,79.97,81.82,42439
2023-06-09,82.375,83.31,81.64,82.18,49924
2023-06-12,82.72,84.36,82.33,84.35,37257
2023-06-13,85.27,86.38,84.99,86.03,57255
2023-06-14,86.27,87.41,84.37,86.3,75471
2023-06-15,85.8,90.19,85.77,89.4,86236
2023-06-16,90.66,90.66,88.16,88.35,32385
2023-06-20,87.23,87.73,85.81,87.13,36176
2023-06-21,86.08,86.58,85.17,85.44,53461
2023-06-22,84.82,86.34,84.61,86.34,54665
2023-06-23,84.18,85.3,83.86,84.25,37149
2023-06-26,83.94,85.0,83.11,83.2,44415
2023-06-27,83.725,86.31,83.7,86.05,60613
2023-06-28,85.27,86.64,84.92,85.895,77462
2023-06-29,85.65,87.05,85.54,86.945,49493
2023-06-30,88.85,90.52,88.755,90.03,46589
2023-07-03,89.62,90.395,89.6,90.31,23836
2023-07-05,89.16,90.31,89.16,89.9,144154
2023-07-06,87.54,87.92,86.14,87.63,95886
2023-07-07,87.0,89.355,86.805,86.92,144397
2023-07-10,86.74,87.665,86.37,87.475,67436
2023-07-11,88.03,89.51,87.4,89.29,85753
2023-07-12,91.57,92.23,90.725,91.19,163348
2023-07-13,92.46,93.93,92.32,93.46,59506
2023-07-14,93.97,94.44,92.77,93.01,38659
2023-07-17,93.04,94.8,93.04,94.14,59784
2023-07-18,93.89,96.58,93.64,96.16,124599
2023-07-19,96.885,97.58,96.365,96.87,65189
2023-07-20,96.19,96.68,94.35,94.88,67978
2023-07-21,95.81,96.0,94.78,94.845,74099
2023-07-24,95.52,96.49,95.15,95.96,55104
2023-07-25,95.8,97.55,95.8,96.74,55586
2023-07-26,96.18,97.61,95.55,96.83,101970
2023-07-27,98.85,99.12,94.27,94.81,68216
2023-07-28,96.87,98.01,96.41,97.49,72203
2023-07-31,97.78,98.185,96.94,98.02,38764
2023-08-01,97.17,97.62,96.55,97.19,31546
2023-08-02,95.115,95.21,92.6,93.13,67980
2023-08-03,91.73,93.39,91.29,92.2,62588
2023-08-04,93.22,94.61,90.58,90.855,70599
2023-08-07,92.08,93.32,91.605,93.18,44876
2023-08-08,91.52,92.2,89.84,92.04,39458
2023-08-09,92.13,92.16,89.705,90.13,50840
2023-08-10,91.56,93.655,89.42,90.11,59879
2023-08-11,88.96,90.57,88.7,89.74,53093
2023-08-14,89.41,91.265,89.14,91.265,36858
2023-08-15,90.24,90.44,87.85,88.24,76126
2023-08-16,87.88,88.89,86.22,86.22,81212
2023-08-17,86.98,87.155,83.92,84.285,69485
2023-08-18,82.28,84.795,82.26,84.065,82186
2023-08-21,84.76,86.2,83.52,85.77,43248
2023-08-22,86.81,86.81,84.77,84.96,52585
2023-08-23,85.66,88.24,85.66,87.83,44026
2023-08-24,88.9,89.06,84.17,84.17,42181
2023-08-25,85.15,86.68,83.1,85.97,67341
2023-08-28,87.26,87.87,86.42,87.51,19021
2023-08-29,87.46,91.41,87.34,91.36,47858
2023-08-30,91.54,92.75,91.22,92.47,72796
2023-08-31,92.75,93.39,91.92,91.92,56557
2023-09-01,93.54,93.75,91.47,92.24,57819
2023-09-05,92.11,92.23,91.13,91.17,55917
2023-09-06,90.64,90.66,87.98,89.26,52345
2023-09-07,87.43,88.68,87.18,88.35,40281
2023-09-08,88.305,89.62,88.12,88.71,42617
2023-09-11,90.39,90.61,89.29,90.47,53467
2023-09-12,89.47,90.44,88.6,88.89,69161
2023-09-13,88.97,89.85,88.36,89.12,69366
2023-09-14,90.75,91.82,89.85,91.45,62811
2023-09-15,90.4,90.57,87.85,88.02,78004
2023-09-18,87.89,88.95,87.61,88.23,54053
2023-09-19,87.435,87.74,85.81,87.41,55831
2023-09-20,88.03,88.33,84.9,85.0,91298
2023-09-21,83.14,83.34,80.63,80.66,83529
2023-09-22,81.12,82.17,79.885,80.18,79087
2023-09-25,79.43,81.11,79.14,81.02,76887
2023-09-26,79.31,79.62,77.055,77.47,113910
2023-09-27,78.16,78.41,75.52,77.55,150996
2023-09-28,77.22,79.765,76.84,78.73,94357
2023-09-29,80.57,80.57,77.435,78.21,155327
2023-10-02,77.68,78.78,76.56,78.11,146064
2023-10-03,76.93,77.66,74.19,74.96,123355
2023-10-04,75.13,76.95,74.4,76.57,100531
2023-10-05,76.34,76.78,74.72,76.29,44946
2023-10-06,75.06,79.86,74.26,79.05,100074
2023-10-09,77.94,80.88,77.67,80.55,53276
2023-10-10,80.94,83.28,80.72,81.77,85761
2023-10-11,82.55,82.89,80.99,82.8,35953
2023-10-12,83.04,83.25,79.85,81.18,44795
2023-10-13,82.04,82.64,79.07,79.99,68303
2023-10-16,81.1,82.95,81.09,82.32,46800
2023-10-17,80.64,83.53,80.37,82.37,66729
2023-10-18,81.41,81.84,78.52,79.07,68492
2023-10-19,79.31,80.375,76.525,76.89,89020
2023-10-20,76.53,76.84,73.94,73.99,133018
2023-10-23,73.07,75.62,72.21,73.69,169617
2023-10-24,74.72,75.83,73.72,75.19,73181
2023-10-25,74.26,74.26,71.74,72.01,67948
2023-10-26,71.22,71.76,68.89,69.28,68202
2023-10-27,70.19,70.29,67.64,68.36,67609
2023-10-30,69.9,71.2,69.08,70.79,99818
2023-10-31,71.02,72.22,70.08,72.09,66018
2023-11-01,72.53,74.77,72.27,74.29,65569
2023-11-02,76.4,78.62,76.4,78.58,107232
2023-11-03,79.82,81.54,79.82,80.71,79024
2023-11-06,81.11,81.44,80.09,81.2,95924
2023-11-07,81.19,82.21,80.58,81.81,69517
2023-11-08,82.1,82.45,80.71,82.11,71106
2023-11-09,82.51,82.61,79.81,80.03,130580
2023-11-10,81.09,83.9,80.44,83.78,70105
2023-11-13,83.08,84.02,82.56,83.5,27091
2023-11-14,86.94,89.035,86.85,88.41,45167
2023-11-15,89.18,89.81,88.37,88.85,27925
2023-11-16,88.51,89.28,87.87,89.09,66528
2023-11-17,89.26,89.72,88.52,89.38,25916
2023-11-20,89.27,91.93,89.23,91.44,66353
2023-11-21,90.8,91.0,90.03,90.83,62440
2023-11-22,91.88,92.505,91.08,91.75,30184
2023-11-24,91.72,91.84,91.54,91.84,13272
2023-11-27,91.68,91.86,91.155,91.45,44244
2023-11-28,91.04,92.31,90.73,91.52,15101
2023-11-29,92.91,93.49,91.17,91.38,24675
2023-11-30,91.78,92.55,90.63,92.27,28903
2023-12-01,91.93,94.2,91.64,93.88,18209
2023-12-04,91.76,92.615,91.04,92.41,53582
2023-12-05,91.62,92.95,91.33,92.32,58851
2023-12-06,93.66,93.66,90.97,91.24,64597
2023-12-07,92.36,93.58,92.12,93.29,39272
2023-12-08,92.71,94.68,92.63,94.31,44459
2023-12-11,94.03,95.55,94.0,95.49,32014
2023-12-12,95.19,96.76,94.58,96.75,30152
2023-12-13,96.92,100.87,96.71,100.74,60035
2023-12-14,101.94,102.67,99.855,101.59,48847
2023-12-15,101.08,101.86,100.5,101.13,51544
2023-12-18,102.07,103.235,102.02,102.73,24042
2023-12-19,103.02,104.57,103.02,104.54,27963
2023-12-20,103.84,105.205,99.95,100.04,75918
2023-12-21,101.655,102.73,100.145,102.7,63592
2023-12-22,103.29,104.16,101.915,103.12,22239
2023-12-26,103.31,105.0,103.31,104.38,19955
2023-12-27,104.3,105.04,103.94,104.97,36169
2023-12-28,105.07,105.45,104.685,104.88,24643
2023-12-29,104.71,105.1,102.71,104.11,42518
2024-01-02,101.86,102.75,100.76,102.13,51949
2024-01-03,100.63,101.19,99.32,99.565,52614
2024-01-04,99.18,100.885,98.445,98.52,30011
2024-01-05,98.59,100.51,98.01,98.95,32052
2024-01-08,99.28,103.2,99.18,103.1,39120
2024-01-09,101.35,103.05,101.085,102.635,37045
2024-01-10,102.78,104.83,102.64,104.47,34874
2024-01-11,104.89,105.06,101.45,104.0,42945
2024-01-12,104.97,105.45,103.3,104.25,20389
2024-01-16,103.44,104.12,101.85,103.09,56318
2024-01-17,100.97,101.61,99.82,101.27,53993
2024-01-18,102.26,104.08,101.28,103.84,27619
2024-01-19,104.59,107.86,104.14,107.68,51587
2024-01-22,108.71,109.53,108.045,108.33,62345
2024-01-23,108.74,109.415,107.96,109.235,48965
2024-01-24,111.19,111.84,109.38,109.52,45090
2024-01-25,110.73,111.395,109.53,111.28,29761
2024-01-26,111.0,111.94,110.27,110.83,31053
2024-01-29,110.97,113.45,110.655,113.38,21427
2024-01-30,112.96,113.52,112.6,113.13,14987
2024-01-31,111.49,111.77,107.55,107.55,71938
2024-02-01,108.58,111.62,108.06,111.61,33099
2024-02-02,111.91,116.25,111.8,115.16,59762
2024-02-05,114.645,114.93,112.49,113.82,31324
2024-02-06,114.61,114.87,113.48,114.76,27977
2024-02-07,116.47,117.85,115.865,117.58,21056
2024-02-08,117.33,117.9,116.92,117.77,29269
2024-02-09,117.91,119.95,117.76,119.67,44471
2024-02-12,119.74,121.21,119.04,119.33,24937
2024-02-13,114.76,115.69,112.1,114.485,56764
2024-02-14,116.405,117.925,114.87,117.63,24078
2024-02-15,117.98,119.88,117.6,119.83,26623
2024-02-16,119.52,120.345,117.66,117.92,34791
2024-02-20,116.71,117.11,114.49,115.96,29239
2024-02-21,115.06,116.33,113.96,116.19,28391
2024-02-22,121.0,124.0,120.32,123.48,18868
2024-02-23,124.63,125.24,123.195,123.59,27299
2024-02-26,123.85,124.1,122.15,122.15,16420
2024-02-27,122.67,123.0,121.3,122.94,24153
2024-02-28,121.5,122.73,121.43,122.3,12929
2024-02-29,123.62,124.7,121.69,123.64,40001
2024-03-01,124.17,127.25,123.88,127.01,35895
2024-03-04,126.45,127.87,126.34,126.57,27106
2024-03-05,124.89,125.2,121.01,122.64,50290
2024-03-06,125.06,126.19,123.56,124.55,28981
2024-03-07,126.95,128.92,126.48,128.24,30729
2024-03-08,128.585,130.53,125.38,125.82,59339
2024-03-11,124.62,125.7,123.515,125.37,30518
2024-03-12,126.65,129.76,125.08,129.39,26877
2024-03-13,129.53,129.685,127.89,128.635,20217
2024-03-14,129.34,129.34,125.79,127.76,32080
2024-03-15,125.46,126.44,124.05,125.14,64421
2024-03-18,128.17,129.24,127.0,127.32,42269
2024-03-19,126.21,129.21,125.6,129.0,42194
2024-03-20,129.0,132.54,128.48,132.48,30657
2024-03-21,134.63,135.15,133.555,133.56,41529
2024-03-22,133.46,133.96,132.91,133.09,28213
2024-03-25,131.84,132.65,131.66,131.96,28217
2024-03-26,132.78,133.075,130.73,130.82,32728
2024-03-27,132.89,133.995,131.35,133.995,33353
2024-03-28,134.05,135.11,133.84,134.445,33137
2024-04-01,134.47,134.93,132.38,133.31,34312
2024-04-02,130.14,130.72,128.89,130.59,23186
2024-04-03,129.97,132.16,129.97,131.13,27374
2024-04-04,134.09,134.12,126.0,126.11,51709
2024-04-05,126.89,131.41,126.81,130.14,46745
2024-04-08,130.41,131.27,129.64,130.09,30386
2024-04-09,131.47,131.62,126.96,130.57,40025
2024-04-10,126.09,128.03,125.15,126.625,50676
2024-04-11,127.7,130.43,124.99,129.5,30992
2024-04-12,126.48,127.42,122.91,123.74,29757
2024-04-15,126.7,127.0,118.69,119.21,69128
2024-04-16,119.47,120.51,117.95,118.54,41484
2024-04-17,120.1,120.285,115.76,116.38,30262
2024-04-18,117.25,118.55,114.95,115.63,17475
2024-04-19,115.31,115.95,111.55,112.52,48243
2024-04-22,114.27,117.31,112.58,115.34,23379
2024-04-23,116.645,119.82,116.59,119.5,6874
2024-04-24,119.89,120.46,118.05,119.555,21042
2024-04-25,114.67,118.3,113.86,117.8,22273
2024-04-26,119.505,122.105,119.505,121.29,4653
2024-04-30,121.22,121.965,116.61,116.7,9145
2024-05-01,116.02,120.415,115.19,115.22,24246
2024-05-02,118.2,118.86,114.74,118.55,10415
2024-05-03,122.79,123.27,121.07,122.88,11548
2024-05-06,124.42,126.57,124.39,126.57,8833
2024-05-07,127.18,127.95,126.74,127.14,15506
2024-05-08,125.75,127.34,125.69,127.08,9056
2024-05-09,126.715,129.065,126.675,129.05,5787
2024-05-10,130.27,130.765,128.97,129.56,8498
2024-05-14,129.7,131.61,129.3,131.24,11411
2024-05-15,133.21,136.24,132.67,136.05,10157
2024-05-16,136.3,136.88,135.08,135.08,15377
2024-05-17,135.37,135.69,134.52,135.69,13053
2024-05-20,135.99,137.18,135.71,135.71,4475
2024-05-22,136.53,136.84,134.31,135.735,17420
2024-05-23,137.25,137.25,131.78,132.49,16853
2024-05-24,133.88,135.69,133.41,135.26,9073
2024-05-28,135.92,135.92,133.55,135.56,9722
2024-05-29,132.42,133.33,132.13,132.26,9145
2024-05-30,131.36,131.76,129.09,130.09,10889
2024-05-31,130.72,133.475,126.73,133.135,16758
2024-06-03,134.56,134.65,130.0,133.43,10022
2024-06-04,132.63,134.58,131.52,133.94,10611
2024-06-05,135.48,138.74,134.26,138.74,9682
2024-06-07,137.5,139.8,136.95,137.92,7539
2024-06-11,138.02,140.15,136.45,140.15,6001
2024-06-12,143.86,145.6,143.065,144.04,15598
2024-06-13,144.58,145.14,142.26,144.6,22618
2024-06-17,144.0,148.98,143.91,147.98,9797
2024-06-21,146.92,147.79,145.89,147.23,9518
2024-06-25,145.91,147.15,145.14,147.15,5375
2024-06-26,145.82,147.83,145.82,147.355,15968
2024-07-01,147.15,147.32,145.01,147.0,10380
2024-07-02,145.55,149.75,145.55,149.75,6336
2024-07-05,151.85,154.5,151.47,154.29,37916
2024-07-08,154.84,155.4,153.82,154.53,7405
2024-07-09,155.5,156.16,154.83,155.07,9582
2024-07-10,156.08,159.88,156.01,159.6,8437
2024-07-11,159.76,160.11,154.97,155.74,18126
2024-07-12,156.24,161.25,156.22,157.51,13722
2024-07-15,159.92,162.13,157.89,159.205,26405
2024-07-16,160.615,162.3,160.09,162.07,29295
2024-07-17,156.97,158.33,155.37,155.37,35361
2024-07-18,156.68,157.37,150.03,151.88,30547
2024-07-19,152.22,152.22,147.895,148.035,14012
2024-07-22,151.76,153.43,150.58,153.04,10642
2024-07-24,147.54,147.54,141.29,142.09,27445
2024-07-25,141.905,145.78,139.67,139.67,13281
2024-07-26,142.55,146.21,141.89,144.2,21924
2024-07-29,145.36,146.04,142.97,144.17,11886
2024-07-30,145.49,146.02,139.395,141.98,31419
2024-07-31,147.08,150.42,146.69,148.79,21254
2024-08-01,150.35,152.055,139.87,142.56,52536
2024-08-02,136.3,137.67,131.315,134.51,58041
2024-08-05,117.66,127.05,117.66,122.4,48791
2024-08-06,123.83,131.36,122.99,125.895,23801
2024-08-07,130.56,132.39,123.06,123.07,68756
2024-08-08,127.15,132.21,126.28,132.06,22211
2024-08-09,131.29,134.61,130.33,133.49,19001
2024-08-12,134.3,135.38,132.42,133.52,24908
2024-08-13,136.17,140.32,136.04,140.25,21889
2024-08-14,140.865,142.28,139.07,142.0,12867
2024-08-15,146.08,148.84,145.65,148.41,13743
2024-08-16,147.35,150.06,147.26,149.49,11050
2024-08-19,150.42,153.77,149.265,153.77,14998
2024-08-20,153.56,154.58,152.425,152.99,5800
2024-08-21,153.75,155.59,152.49,154.53,11105
2024-08-22,156.05,156.34,149.83,150.89,22210
2024-08-23,153.4,156.14,151.93,155.47,22383
2024-08-26,156.33,156.82,152.91,154.24,10794
2024-08-27,153.04,155.18,152.62,154.7,7823
2024-08-28,154.19,154.475,149.71,152.24,10097
2024-08-29,153.67,156.39,151.62,152.06,22214
2024-08-30,153.7,156.65,151.09,156.48,17092
2024-09-03,153.29,153.29,144.55,146.595,33338
2024-09-04,144.95,148.255,144.41,145.6,34518
2024-09-05,145.77,147.57,142.52,144.12,26145
2024-09-06,144.75,145.47,136.35,136.93,60472
2024-09-09,140.26,142.39,138.97,141.48,10042
2024-09-10,143.04,143.57,139.23,143.53,21389
2024-09-11,143.17,148.42,136.515,148.295,32332
2024-09-12,147.85,151.42,146.46,151.1,14230
2024-09-13,151.88,154.43,151.88,153.54,10852
2024-09-16,153.5,154.44,152.26,154.03,18747
2024-09-17,156.84,156.95,152.7,154.08,12883
2024-09-18,154.19,158.4,152.66,152.75,28293
2024-09-19,160.77,162.23,158.69,160.74,17059
2024-09-20,159.41,160.42,157.15,159.57,12142
2024-09-23,160.56,161.12,159.64,161.07,6581
2024-09-24,160.96,162.0,159.05,162.0,10479
2024-09-25,161.99,162.41,160.06,160.85,21275
2024-09-26,164.54,164.71,161.1,162.65,23374
2024-09-27,163.64,164.02,161.81,161.81,10969
2024-09-30,160.99,164.16,159.02,163.68,35043
2024-10-01,163.13,163.13,157.15,159.23,21876
2024-10-02,158.46,160.19,156.47,159.44,13644
2024-10-03,158.39,160.01,156.78,158.37,15151
2024-10-04,162.21,163.02,158.82,162.7,19300
2024-10-07,161.26,161.56,157.31,157.865,22121
2024-10-08,160.41,163.09,159.68,162.83,10594
2024-10-09,162.62,166.34,162.32,166.09,15673
2024-10-10,164.6,166.3,163.71,165.06,10928
2024-10-11,165.43,168.29,165.31,167.8,7952
2024-10-14,169.2,172.71,169.01,171.85,6911
2024-10-15,172.3,172.3,167.27,168.05,13661
2024-10-16,167.64,170.3,167.22,169.95,7928
2024-10-17,172.75,172.83,169.99,170.04,12929
2024-10-18,171.37,172.465,170.48,171.85,10396
2024-10-21,171.2,171.945,168.5,170.87,7942
2024-10-22,168.63,171.37,168.28,170.5,8750
2024-10-23,168.7,169.06,163.46,165.78,12188
2024-10-24,167.54,167.54,164.67,166.84,16520
2024-10-25,168.73,170.59,166.12,166.66,13305
2024-10-28,169.1,169.4,167.86,167.89,7429
2024-10-29,166.87,169.73,166.1,168.59,10278
2024-10-30,168.37,170.04,166.7,167.15,18642
2024-10-31,163.33,163.33,157.35,157.35,32258
2024-11-01,159.3,162.965,158.86,159.245,17026
2024-11-04,158.73,160.03,156.81,157.95,14233
2024-11-05,159.18,163.75,159.18,163.67,18920
2024-11-06,174.56,176.58,171.3,176.0,26198
2024-11-07,177.76,180.89,177.76,180.33,24249
2024-11-08,180.67,183.5,180.54,182.26,9560
2024-11-11,183.72,183.8,181.49,182.58,13533
2024-11-12,182.59,183.09,178.87,180.85,11076
2024-11-13,181.27,182.91,179.22,181.295,11026
2024-11-14,181.15,181.39,177.14,177.71,9645
2024-11-15,174.13,174.55,169.205,170.46,17998
2024-11-18,170.94,173.76,170.31,172.5,8103
2024-11-19,169.49,174.97,169.05,174.36,28103
2024-11-20,174.47,174.57,169.36,174.57,13006
2024-11-21,177.03,178.41,171.88,177.31,15939
2024-11-22,177.12,179.22,176.92,178.74,8122
2024-11-25,182.3,183.035,178.77,180.6,10245
2024-11-26,181.63,183.82,181.11,183.45,5262
2024-11-27,183.43,183.43,180.22,181.39,8136
2024-12-02,185.17,186.07,184.66,185.71,9393
2024-12-03,185.68,186.05,184.62,185.82,6000
2024-12-04,187.45,189.41,187.05,189.17,10616
2024-12-05,189.29,189.93,188.06,188.24,5018
2024-12-06,189.28,190.18,188.42,189.1,13549
2024-12-09,189.04,189.09,185.68,186.11,10605
2024-12-10,186.69,186.92,183.9,184.41,13268
2024-12-11,187.045,189.47,187.02,188.61,12839
2024-12-12,187.16,188.16,185.75,185.76,7608
2024-12-13,187.34,187.86,184.45,185.34,9778
2024-12-16,186.99,188.56,186.59,187.52,32027
2024-12-17,185.01,185.99,184.02,185.45,27374
2024-12-18,184.46,187.13,168.96,169.565,19448
2024-12-19,172.53,174.21,168.3,168.38,14831
2024-12-20,166.18,177.68,165.46,174.11,19177
2024-12-24,178.1,182.46,177.81,182.46,14561
2024-12-27,179.14,179.18,173.0,176.72,8135
2024-12-30,170.29,173.17,167.835,170.81,16254
2024-12-31,172.27,172.27,167.32,168.63,21373
2025-01-02,171.3,172.85,164.08,167.09,26884
2025-01-03,169.59,173.69,168.93,173.5,11395
2025-01-06,176.96,180.03,174.94,176.14,9336
2025-01-07,178.33,178.355,169.22,170.48,17380
2025-01-08,169.99,171.33,167.395,170.94,19828
2025-01-10,166.9,167.16,161.44,163.46,24202
2025-01-13,159.18,163.91,158.68,163.66,19544
2025-01-14,165.64,166.43,161.965,163.95,7456
2025-01-15,171.185,174.11,170.73,173.22,9439
2025-01-16,174.01,174.37,171.82,172.1,9744
2025-01-17,176.3,178.52,175.89,177.2,10013
2025-01-21,179.93,181.9,178.22,181.62,22770
2025-01-22,184.54,186.0,184.12,184.8,8000
2025-01-23,184.2,187.69,184.11,187.69,8243
2025-01-24,187.79,188.44,185.21,186.08,9312
2025-01-27,173.87,178.24,173.8,177.935,15770
2025-01-28,179.02,183.365,176.56,182.82,8890
2025-01-29,182.02,182.02,177.93,180.12,8801
2025-01-30,182.22,184.23,179.66,183.08,18734
2025-01-31,185.245,187.03,179.7,180.075,25034
2025-02-03,171.54,178.38,169.81,175.94,31924
2025-02-04,176.34,180.0,176.34,179.7,7162
2025-02-05,178.62,181.94,176.84,181.87,17855
2025-02-06,183.305,183.73,180.74,183.505,11649
2025-02-07,183.975,185.04,177.79,178.43,28342
2025-02-10,181.19,182.385,180.315,182.08,10101
2025-02-11,179.92,182.69,179.92,181.91,8316
2025-02-12,176.98,181.5,176.56,180.66,9661
2025-02-13,181.525,186.35,181.31,186.33,6958
2025-02-19,186.08,189.07,186.08,188.7,6463
2025-02-20,187.355,187.56,183.66,186.35,14843
2025-02-21,185.76,185.76,176.33,176.33,15295
2025-02-24,178.27,179.24,173.72,173.72,13361
2025-02-25,174.225,174.225,167.57,171.46,21265
2025-02-26,172.36,176.03,169.75,171.155,14976
2025-02-27,173.79,174.63,163.28,163.525,20945
2025-02-28,163.63,171.17,161.14,170.64,25335
2025-03-03,172.59,173.55,158.93,161.64,15257
2025-03-04,158.46,162.655,152.71,155.83,25453
2025-03-05,155.95,162.05,153.12,161.18,16193
2025-03-06,154.72,158.27,150.5,152.36,45165
2025-03-07,151.35,155.75,146.91,154.78,31893
2025-03-11,141.48,143.57,135.945,139.13,40887
2025-03-12,143.44,144.0,137.505,140.98,42587
2025-03-13,139.95,140.32,134.16,135.22,98792
2025-03-14,138.58,144.23,138.4,143.49,12832
2025-03-17,143.15,148.56,143.15,146.57,38127
2025-03-18,144.93,144.93,140.79,141.7,26363
2025-03-19,143.21,149.14,142.87,146.31,12863
2025-03-20,143.5,148.67,143.16,145.44,32316
2025-03-21,141.65,145.89,140.66,145.41,35635
2025-03-24,150.24,153.8,150.24,153.42,7047
2025-03-25,153.03,154.185,152.17,153.46,10851
2025-03-27,145.36,149.54,145.36,146.59,9853
2025-03-28,145.155,145.96,137.78,137.85,7373
2025-03-31,133.79,141.48,131.45,139.99,35021
2025-04-01,138.47,142.72,136.71,141.59,8348
2025-04-02,137.15,146.09,137.15,144.47,16761
2025-04-03,129.35,131.42,123.35,123.35,67269
2025-04-04,114.37,115.1,101.24,101.635,121719
2025-04-07,91.4,111.39,87.24,100.43,153819
2025-04-08,111.105,112.9,91.64,96.01,196885
2025-04-09,94.955,124.66,93.89,122.87,159238
2025-04-10,115.0,115.96,100.09,110.025,142551
2025-04-11,109.97,117.0,107.35,115.895,97394
2025-04-14,122.035,122.07,115.98,118.84,18365
2025-04-15,119.56,121.4,117.91,118.19,20740
2025-04-16,114.28,116.43,106.89,110.45,43398
2025-04-17,111.61,113.47,109.31,110.65,46053
2025-04-21,107.41,107.48,99.35,102.98,61691
2025-04-22,106.27,111.54,106.09,110.47,44122
2025-04-23,118.81,121.95,114.9,116.01,53567
2025-04-24,116.5,123.37,116.4,123.05,53206
2025-04-25,123.28,125.9,121.03,125.78,45388
2025-04-28,126.5,127.52,121.91,125.82,36791
2025-04-29,124.42,128.69,124.26,127.93,20288
2025-04-30,122.6,128.915,119.5,127.97,19386
2025-05-01,132.225,134.62,130.69,130.87,20009
2025-05-02,135.11,137.47,133.99,136.55,22467
2025-05-05,133.625,136.11,133.1,134.14,27472
2025-05-06,130.165,133.34,129.605,130.73,25747
2025-05-07,131.65,133.935,129.04,132.83,51337
2025-05-08,135.15,138.83,133.23,134.9,40478
2025-05-09,136.38,136.73,133.59,134.42,15090
2025-05-12,146.69,147.71,143.81,147.71,18177
2025-05-13,148.26,152.28,147.81,150.67,24941
2025-05-14,151.47,151.98,149.74,151.01,23034
2025-05-15,149.74,153.4,149.3,152.93,19421
2025-05-16,153.45,156.405,152.55,156.405,9918
2025-05-19,151.41,157.01,151.41,156.45,12708
2025-05-20,155.27,155.86,152.59,154.84,29310
2025-05-21,151.57,154.74,146.415,147.47,73992
2025-05-22,147.01,149.84,146.925,147.06,9518
2025-05-23,141.91,145.99,141.91,143.98,41547
2025-05-28,153.365,153.565,149.83,150.42,44000
2025-05-29,154.36,154.36,149.58,151.72,25405
2025-05-30,151.07,152.71,147.15,151.46,9620
2025-06-02,150.41,154.0,148.91,154.0,21882
2025-06-03,153.93,157.33,153.29,156.52,7892
2025-06-04,157.23,157.8,156.05,156.57,20793
2025-06-05,157.68,158.58,153.11,153.91,15327
2025-06-06,158.45,159.82,157.02,158.635,14431
2025-06-09,158.22,160.19,158.22,158.865,7997
2025-06-10,159.67,161.94,158.72,161.63,9333
2025-06-11,162.45,163.11,159.17,160.32,16344
2025-06-12,159.2,162.0,159.07,161.94,12007
2025-06-13,157.725,160.3,155.565,156.49,24921
2025-06-16,159.8,162.23,159.8,160.63,14100
2025-06-17,159.02,160.15,156.51,156.71,14192
2025-06-18,157.45,159.58,156.22,156.73,14628
2025-06-20,158.51,159.46,154.39,155.23,17928
2025-06-23,155.635,160.22,153.89,159.91,25456
2025-06-24,162.83,165.37,162.13,164.55,21576
2025-06-25,165.525,165.82,164.23,164.81,10558
2025-06-26,166.39,168.96,166.115,168.43,8657
2025-06-27,169.44,172.2,167.99,170.98,17169
2025-06-30,172.84,174.52,171.31,173.45,24543
2025-07-01,172.49,174.19,171.63,173.11,31562
2025-07-02,172.81,175.51,172.49,175.43,43564
2025-07-03,177.035,180.2,177.035,179.57,69244
2025-07-07,177.69,178.31,173.12,175.66,66552
2025-07-08,175.41,176.51,174.43,175.04,18108
2025-07-09,177.55,178.61,175.59,178.17,22244
2025-07-10,178.06,180.49,177.28,179.59,19651
2025-07-11,176.875,178.44,175.9,177.58,15306
2025-07-14,177.125,178.845,176.16,178.58,57934
2025-07-15,180.85,180.97,176.24,176.24,15795
2025-07-16,177.38,178.29,172.87,177.94,22036
2025-07-17,177.975,181.38,177.95,181.29,22107
2025-07-18,182.08,182.08,179.81,180.61,14867
2025-07-21,181.585,183.96,181.4,181.4,29907
2025-07-22,181.19,182.29,179.38,181.7,18426
2025-07-24,186.425,187.78,186.03,186.22,11402
2025-07-25,186.55,188.83,186.55,188.33,6563
2025-07-28,188.82,189.29,187.2,188.2,10374
2025-07-29,189.68,189.72,185.99,186.74,17082
2025-07-30,187.4,188.84,183.6,185.9,18151
2025-07-31,190.37,190.64,182.99,184.24,20042
2025-08-01,178.51,178.51,172.65,174.52,55246
2025-08-04,178.015,182.51,178.015,182.38,18724
2025-08-05,182.83,183.54,179.08,179.83,10512
2025-08-06,181.07,184.36,179.96,183.74,12253
2025-08-07,186.82,187.39,180.72,182.85,17337
2025-08-08,185.01,187.84,185.01,187.38,12173
2025-08-11,187.71,188.99,185.26,186.26,19462
2025-08-12,188.22,192.35,187.53,192.14,86032
2025-08-14,192.44,194.69,192.16,194.33,30447
2025-08-15,194.97,194.97,191.97,192.56,31039
2025-08-18,192.61,192.85,191.46,192.41,24482
2025-08-19,191.85,193.04,188.23,189.17,27000
2025-08-20,188.76,188.76,183.05,187.34,35905
2025-08-21,185.99,187.35,183.88,185.02,18173
2025-08-22,187.03,194.52,187.03,193.65,24313
2025-08-25,192.17,193.58,191.47,191.53,23574
2025-08-26,190.765,193.66,190.24,193.64,28316
2025-08-27,193.24,195.32,193.07,194.68,28791
2025-08-28,195.59,197.12,193.61,196.6,38696
2025-08-29,194.78,194.86,191.26,192.16,19759
2025-09-02,186.02,188.63,183.88,188.56,31467
2025-09-03,190.69,191.88,188.81,191.33,27230
2025-09-04,192.97,196.33,191.7,196.22,36262
2025-09-05,198.345,198.88,191.27,194.33,71254
2025-09-08,195.79,196.745,194.56,195.85,35832
2025-09-09,195.88,197.62,194.5,197.23,106511
2025-09-10,199.94,200.93,197.47,198.9,82897
2025-09-11,200.62,204.33,200.18,203.57,92291
2025-09-12,203.59,204.915,202.91,203.35,105669
2025-09-15,205.395,206.6,205.195,206.53,64866
2025-09-16,207.09,207.09,205.0,205.55,66602
2025-09-17,205.64,207.09,202.01,204.38,40839
2025-09-18,207.16,209.57,205.85,207.82,8856
2025-09-19,209.175,211.12,207.43,210.92,28815
2025-09-22,209.005,213.81,209.005,213.57,48076
2025-09-23,212.95,213.505,208.48,209.58,53570
2025-09-24,210.28,210.28,206.29,207.63,47627
2025-09-25,204.49,205.72,201.31,204.6,67438
2025-09-26,205.67,208.42,204.53,208.03,25009
2025-09-29,210.375,211.06,208.0,209.36,124422
2025-09-30,208.93,212.23,208.025,212.08,12570
2025-10-01,209.06,214.95,209.06,214.28,53521
2025-10-02,215.72,215.94,212.45,214.64,43475
2025-10-03,215.41,217.87,214.205,214.42,60678
2025-10-06,216.73,217.69,214.78,216.88,186052
2025-10-07,217.5,218.13,213.0,214.28,151232
2025-10-08,215.45,218.21,214.83,217.96,45926
2025-10-09,218.33,218.38,214.54,216.08,6695
2025-10-10,217.0,218.48,198.58,198.625,81456
2025-10-13,205.395,208.97,204.79,207.58,11446
2025-10-14,202.04,210.11,198.47,207.05,15132
2025-10-15,210.93,214.08,203.68,209.51,28529
2025-10-16,211.31,212.62,201.99,204.66,38424
2025-10-17,203.92,209.64,202.77,208.45,50836
2025-10-20,211.11,215.64,211.09,214.95,25225
2025-10-21,214.25,216.35,213.72,214.97,18222
2025-10-22,214.36,214.91,207.27,211.06,39314
2025-10-23,211.59,215.89,211.585,214.91,33005
2025-10-24,219.25,221.24,218.69,219.73,34595
2025-10-27,225.72,228.13,225.29,227.88,45963
2025-10-28,229.565,231.34,227.44,229.52,58391
2025-10-29,231.25,232.17,225.42,229.175,54838
2025-10-30,226.11,227.85,222.48,222.78,47890
2025-10-31,227.1,227.1,221.68,224.58,45634
2025-11-03,227.825,227.825,222.3,225.27,30941
2025-11-04,218.1,221.68,216.78,217.22,36916
2025-11-05,217.075,222.64,216.68,219.54,41979
2025-11-06,218.465,219.03,210.945,212.11,49343
2025-11-07,209.99,212.88,203.73,212.88,43812
2025-11-10,218.83,223.49,217.54,222.58,46040
2025-11-11,221.32,224.8,220.33,223.69,38478
2025-11-12,225.825,226.13,222.35,224.06,21048
2025-11-13,221.8,222.02,212.14,213.245,61038
2025-11-14,206.83,216.32,204.93,212.48,38819
2025-11-17,210.88,214.49,203.93,206.53,63515
2025-11-18,203.51,206.37,197.95,201.92,151350
2025-11-19,202.38,208.3,200.69,204.04,76597
2025-11-20,213.61,215.97,194.24,194.58,152456
2025-11-21,196.495,205.26,192.96,199.99,125144
2025-11-24,203.57,210.26,202.95,209.48,35462
2025-11-25,210.02,216.0,205.27,215.1,47267
2025-11-26,217.88,221.19,216.65,219.92,23219
2025-11-28,220.615,222.74,219.97,222.39,27987
2025-12-01,219.3,222.23,218.52,219.59,10261
2025-12-02,221.1,222.97,218.99,220.92,16992
2025-12-03,219.81,223.82,219.32,222.99,36511
2025-12-04,224.19,224.19,220.9,223.6,41226
2025-12-05,225.13,227.13,223.68,224.76,28934
2025-12-08,225.21,225.21,220.725,222.155,24358
2025-12-09,221.92,223.9,221.47,221.74,18037
2025-12-10,220.66,227.26,220.66,226.115,15275
2025-12-11,223.78,227.625,221.0,227.36,25067
2025-12-12,226.44,226.57,217.64,219.91,21821
2025-12-15,222.215,222.86,217.78,219.43,20411
2025-12-16,217.44,219.15,213.5,218.0,49592
2025-12-17,216.82,217.48,209.7,210.12,17827
2025-12-18,215.65,218.42,213.745,215.02,10700
2025-12-22,223.46,224.58,222.51,224.4,5287
2025-12-26,229.5,230.27,228.35,229.2,5330
2025-12-29,226.37,227.81,224.98,226.69,15143
2025-12-30,225.93,227.27,225.45,225.56,15889
2025-12-31,225.645,225.645,220.44,220.62,7702
2026-01-02,223.81,225.09,218.96,221.5,19564
2026-01-05,224.845,227.34,224.77,225.72,16234
2026-01-06,226.665,230.42,226.5,230.24,11024
2026-01-07,230.335,231.905,227.66,227.81,15264
2026-01-09,228.65,232.98,227.75,231.99,28688
2026-01-12,228.435,233.725,228.435,233.06,10693
2026-01-13,233.495,233.495,229.19,231.555,9963
2026-01-14,228.425,228.63,223.79,228.05,21368
2026-01-15,232.075,232.74,229.12,229.32,11963
2026-01-16,230.95,231.19,227.665,229.19,9957
2026-01-20,218.77,221.605,213.93,214.52,108192
2026-01-21,216.41,225.295,215.375,221.98,26652
2026-01-22,226.54,227.575,223.72,225.53,17490
2026-01-23,224.46,227.07,223.94,225.62,9209
2026-01-26,226.87,230.42,226.855,229.14,6128
2026-01-27,230.42,232.61,230.21,231.73,17679
2026-01-28,233.37,234.06,230.31,231.88,7892
2026-01-29,232.505,232.505,221.38,230.32,36941
2026-01-30,227.84,230.22,223.265,227.84,42051
2026-02-03,232.03,232.67,219.97,225.44,44194
2026-02-04,225.95,226.83,218.16,222.01,77936
2026-02-05,216.6,219.35,212.03,213.74,90614
2026-02-06,217.54,227.14,217.54,225.845,19541
2026-02-09,224.55,230.5,223.5,229.49,7818
2026-02-10,229.79,231.23,226.99,226.99,13610
2026-02-11,231.29,231.605,224.17,226.85,15493
2026-02-12,229.045,229.92,215.57,216.525,26953
2026-02-13,216.465,220.77,212.52,216.28,23021
