Date,Open,High,Low,Close,Volume
2020-07-27,13.56,14.07,13.5,13.98,393408
2020-07-28,13.89,13.96,13.45,13.47,340040
2020-07-29,13.71,14.06,13.7,13.94,198408
2020-07-30,13.58,14.23,13.43,14.15,198432
2020-07-31,14.93,14.93,14.15,14.9,183776
2020-08-03,15.3,15.62,15.29,15.53,96080
2020-08-04,15.46,15.68,15.31,15.67,92368
2020-08-05,15.75,15.86,15.66,15.82,47368
2020-08-06,15.8,16.43,15.69,16.38,42192
2020-08-07,16.29,16.47,15.49,15.86,142392
2020-08-10,15.93,15.94,15.07,15.62,93336
2020-08-11,15.45,15.64,14.71,14.77,170768
2020-08-12,15.16,16.04,15.16,15.89,104856
2020-08-13,16.17,16.37,15.83,15.99,38760
2020-08-14,16.1,16.1,15.73,15.95,91304
2020-08-17,16.26,16.53,16.24,16.45,83160
2020-08-18,16.76,17.01,16.45,16.96,62504
2020-08-19,17.0,17.13,16.57,16.62,93176
2020-08-20,16.48,17.36,16.43,17.34,77664
2020-08-21,17.36,17.72,17.27,17.68,108272
2020-08-24,18.31,18.42,17.6,17.9,260528
2020-08-25,17.86,18.41,17.77,18.41,85152
2020-08-26,18.69,19.63,18.67,19.59,105608
2020-08-27,19.82,19.9,18.98,19.43,245936
2020-08-28,19.69,19.81,19.45,19.72,70864
2020-08-31,19.84,20.53,19.74,20.29,50800
2020-09-01,20.73,21.16,20.48,21.16,153424
2020-09-02,21.94,21.94,20.62,21.91,451720
2020-09-03,20.77,20.77,17.89,18.52,545360
2020-09-04,18.08,18.76,15.51,17.81,778064
2020-09-08,15.59,16.71,15.15,15.15,629968
2020-09-09,16.14,16.83,15.78,16.54,272144
2020-09-10,17.06,17.25,15.24,15.48,660784
2020-09-11,16.0,16.0,14.63,15.26,496976
2020-09-14,15.92,16.29,15.67,16.02,146032
2020-09-15,16.7,16.88,16.41,16.7,330712
2020-09-16,16.82,16.86,15.84,15.84,155640
2020-09-17,14.67,15.47,14.54,15.08,1007312
2020-09-18,15.37,15.41,13.9,14.56,281024
2020-09-21,13.97,14.73,13.62,14.73,280600
2020-09-22,15.13,15.61,14.62,15.56,195096
2020-09-23,15.46,15.5,13.98,14.09,206056
2020-09-24,13.71,14.77,13.7,14.31,349968
2020-09-25,14.41,15.42,14.15,15.34,158368
2020-09-28,16.1,16.2,15.74,16.18,175440
2020-09-29,16.16,16.31,15.98,16.07,124416
2020-09-30,16.15,16.93,16.1,16.45,780840
2020-10-01,17.06,17.24,16.73,17.12,128440
2020-10-02,15.99,16.68,15.66,15.74,1524520
2020-10-05,16.05,16.75,16.05,16.74,167144
2020-10-06,16.64,16.88,15.66,15.81,273600
2020-10-07,16.3,16.73,16.22,16.71,90608
2020-10-08,17.03,17.03,16.72,16.9,117960
2020-10-09,17.18,17.67,17.18,17.67,202008
2020-10-12,18.53,19.82,18.38,19.32,540656
2020-10-13,19.56,19.76,19.05,19.34,417272
2020-10-14,19.32,19.59,18.46,18.82,234288
2020-10-15,17.85,18.54,17.74,18.4,278472
2020-10-16,18.69,19.02,18.19,18.19,211912
2020-10-19,18.49,18.6,17.08,17.19,256488
2020-10-20,17.34,17.9,17.11,17.36,374128
2020-10-21,17.4,17.79,17.24,17.31,219960
2020-10-22,17.49,17.61,16.77,17.27,182744
2020-10-23,17.15,17.41,16.95,17.4,104544
2020-10-26,17.05,17.46,15.95,16.6,519360
2020-10-27,16.78,17.13,16.59,17.0,251864
2020-10-28,16.14,16.24,15.0,15.01,378480
2020-10-29,15.38,16.26,15.16,15.88,364672
2020-10-30,15.45,15.57,14.2,14.6,408328
2020-11-02,14.94,15.25,14.23,14.66,225528
2020-11-03,15.01,15.78,14.91,15.49,462680
2020-11-04,16.95,17.81,16.79,17.5,462352
2020-11-05,18.71,19.04,18.47,18.9,255680
2020-11-06,18.74,19.06,18.01,18.96,217592
2020-11-09,19.51,19.63,17.69,17.72,190024
2020-11-10,17.14,17.4,16.33,16.88,493024
2020-11-11,17.25,18.01,17.21,17.95,219160
2020-11-12,18.11,18.36,17.48,17.62,180584
2020-11-13,18.05,18.22,17.61,18.18,84576
2020-11-16,17.98,18.59,17.98,18.5,85464
2020-11-17,18.59,18.63,18.3,18.36,138640
2020-11-18,18.29,18.58,17.99,17.99,81520
2020-11-19,17.86,18.43,17.79,18.42,125304
2020-11-20,18.32,18.53,18.03,18.03,47768
2020-11-23,18.3,18.46,17.62,18.02,119296
2020-11-24,18.22,18.86,17.99,18.8,168000
2020-11-25,19.02,19.25,18.82,19.14,981952
2020-11-27,19.5,19.87,19.48,19.6,911936
2020-11-30,19.73,19.83,18.83,19.77,369792
2020-12-01,20.21,20.85,20.03,20.61,289784
2020-12-02,20.25,20.66,19.91,20.58,108904
2020-12-03,20.75,20.96,20.56,20.61,121992
2020-12-04,20.7,20.96,20.56,20.95,116952
2020-12-07,20.96,21.34,20.96,21.31,158640
2020-12-08,21.26,21.58,20.84,21.53,162560
2020-12-09,21.48,21.51,19.86,20.13,321336
2020-12-10,19.64,20.52,19.42,20.33,306160
2020-12-11,19.96,20.18,19.51,20.1,176760
2020-12-14,20.45,20.98,20.45,20.55,172992
2020-12-15,21.08,21.25,20.64,21.25,123464
2020-12-16,21.31,21.76,21.13,21.61,138400
2020-12-17,21.97,22.08,21.81,22.05,137464
2020-12-18,22.17,22.22,21.34,21.88,199768
2020-12-21,21.17,21.79,20.64,21.69,200776
2020-12-22,21.85,22.06,21.34,21.85,126896
2020-12-23,21.92,21.94,21.54,21.54,93840
2020-12-24,21.67,21.92,21.65,21.83,47376
2020-12-28,22.4,22.58,22.06,22.5,71360
2020-12-29,22.79,22.9,22.38,22.48,143792
2020-12-30,22.85,22.85,22.47,22.52,42416
2020-12-31,22.55,22.79,22.38,22.77,135728
2021-01-04,23.02,23.02,20.9,21.67,391064
2021-01-05,21.67,22.32,21.67,22.27,269768
2021-01-06,21.19,22.28,21.04,21.36,257360
2021-01-07,21.95,23.06,21.95,22.99,105552
2021-01-08,23.45,23.83,22.95,23.83,278368
2021-01-11,23.1,23.36,22.61,22.73,210152
2021-01-12,22.75,23.0,22.08,22.75,1015024
2021-01-13,22.76,23.25,22.6,23.1,206168
2021-01-14,23.22,23.41,22.64,22.72,138464
2021-01-15,22.66,22.87,21.96,22.17,196056
2021-01-19,22.76,23.24,22.47,23.16,181184
2021-01-20,23.98,24.96,23.93,24.88,69376
2021-01-21,25.04,25.52,24.82,25.4,304324
2021-01-22,25.13,25.36,25.0,25.27,88036
2021-01-25,25.96,26.25,24.22,25.82,365992
2021-01-26,25.93,26.13,25.56,25.88,136248
2021-01-27,25.27,25.28,23.25,23.66,669544
2021-01-28,24.07,25.22,23.88,24.2,246924
2021-01-29,23.75,23.91,22.21,22.63,575736
2021-02-01,23.39,24.49,22.95,24.44,316076
2021-02-02,24.97,25.72,24.96,25.51,239432
2021-02-03,25.66,25.96,25.21,25.24,376376
2021-02-04,25.56,26.05,25.27,26.05,120148
2021-02-05,26.23,26.52,25.94,26.32,101832
2021-02-08,26.76,26.87,26.41,26.85,186836
2021-02-09,26.64,27.13,26.64,26.84,120328
2021-02-10,27.23,27.26,25.88,26.57,368408
2021-02-11,27.07,27.18,26.54,27.13,263188
2021-02-12,26.87,27.55,26.63,27.54,190464
2021-02-16,27.76,27.95,27.04,27.34,675092
2021-02-17,26.56,26.97,26.05,26.9,584876
2021-02-18,26.01,26.72,25.59,26.51,315852
2021-02-19,26.81,26.89,25.98,26.19,363012
2021-02-22,25.1,25.42,24.15,24.18,535072
2021-02-23,22.92,24.34,21.62,24.05,1000460
2021-02-24,23.32,24.6,22.74,24.6,776652
2021-02-25,23.91,24.5,21.62,21.95,676804
2021-02-26,22.6,23.24,21.6,22.5,437316
2021-03-01,23.36,24.29,23.09,24.29,312280
2021-03-02,24.34,24.38,23.03,23.05,152040
2021-03-03,22.81,23.02,21.08,21.09,407724
2021-03-04,20.97,21.64,19.27,19.97,808272
2021-03-05,20.61,21.08,18.77,21.08,302712
2021-03-08,20.81,21.21,19.09,19.09,280940
2021-03-09,20.67,21.78,20.51,21.41,209220
2021-03-10,22.27,22.34,21.08,21.22,258440
2021-03-11,22.28,23.04,22.04,22.69,186092
2021-03-12,21.79,22.16,21.29,22.15,278056
2021-03-15,22.19,22.88,21.85,22.88,102608
2021-03-16,23.35,23.99,22.92,23.23,468792
2021-03-17,22.48,23.92,22.18,23.5,767676
2021-03-18,22.4,22.57,21.25,21.33,433240
2021-03-19,21.33,21.88,20.9,21.67,207460
2021-03-22,22.27,23.2,22.23,22.79,327300
2021-03-23,22.91,23.28,22.3,22.43,710440
2021-03-24,22.76,22.76,21.35,21.37,91448
2021-03-25,20.96,21.53,20.43,21.23,1021872
2021-03-26,21.28,22.21,20.98,22.21,300008
2021-03-29,22.07,22.37,21.49,22.05,235460
2021-03-30,21.74,21.94,21.25,21.64,317252
2021-03-31,22.21,23.15,22.17,22.8,523100
2021-04-01,23.65,24.01,23.63,23.99,503676
2021-04-05,24.58,25.55,24.52,25.46,154192
2021-04-06,25.34,25.78,25.22,25.35,130512
2021-04-07,25.26,25.74,25.06,25.53,1076964
2021-04-08,26.2,26.33,26.05,26.32,274432
2021-04-09,26.02,26.85,25.87,26.8,643052
2021-04-12,26.54,26.78,26.31,26.69,117320
2021-04-13,27.04,27.75,27.04,27.67,147976
2021-04-14,27.69,27.69,26.48,26.52,153684
2021-04-15,27.37,27.94,27.32,27.83,160780
2021-04-16,27.92,27.99,27.51,27.95,88552
2021-04-19,27.56,27.83,26.69,27.1,187948
2021-04-20,27.09,27.24,26.11,26.52,270336
2021-04-21,26.25,27.31,26.21,27.27,183928
2021-04-22,27.2,27.39,25.99,26.28,360884
2021-04-23,26.46,27.56,26.46,27.29,194916
2021-04-26,27.33,27.87,27.14,27.78,267992
2021-04-27,27.81,27.86,27.25,27.47,190944
2021-04-28,27.35,27.55,27.02,27.07,132624
2021-04-29,28.0,28.05,26.67,27.42,213984
2021-04-30,26.77,27.43,26.7,26.76,166676
2021-05-03,27.17,27.31,26.38,26.43,117384
2021-05-04,25.85,25.89,24.15,24.98,338796
2021-05-05,25.53,25.7,24.62,24.73,1313404
2021-05-06,24.71,25.35,24.32,25.35,183644
2021-05-07,26.01,26.5,25.7,25.99,969468
2021-05-10,25.66,25.66,23.95,23.99,705044
2021-05-11,22.55,24.05,22.54,23.92,1333744
2021-05-12,22.71,23.28,21.83,22.04,793676
2021-05-13,22.68,23.15,22.04,22.53,1092968
2021-05-14,23.26,24.22,23.12,24.03,1070000
2021-05-17,23.62,23.75,22.96,23.59,260148
2021-05-18,23.82,24.06,23.07,23.07,942956
2021-05-19,21.9,23.25,21.85,23.23,215224
2021-05-20,23.5,24.71,23.46,24.56,273876
2021-05-21,24.88,24.94,24.03,24.07,229140
2021-05-24,24.64,25.57,24.64,25.3,266736
2021-05-25,25.77,25.86,25.2,25.43,152196
2021-05-26,25.6,25.79,25.46,25.65,114688
2021-05-27,25.62,25.75,25.38,25.53,115004
2021-05-28,25.74,26.02,25.58,25.62,121020
2021-06-01,25.94,25.97,25.09,25.38,131152
2021-06-02,25.5,25.74,25.14,25.54,111500
2021-06-03,24.87,25.16,24.35,24.72,156864
2021-06-04,25.19,26.09,25.19,26.0,155828
2021-06-07,25.86,26.23,25.74,26.22,95680
2021-06-08,26.65,26.84,25.87,26.26,108644
2021-06-09,26.6,26.74,26.25,26.29,70092
2021-06-10,26.37,27.12,26.26,27.1,175996
2021-06-11,27.1,27.29,26.94,27.29,184620
2021-06-14,27.38,28.05,27.22,28.05,187216
2021-06-15,27.92,28.03,27.38,27.47,115788
2021-06-16,27.66,27.9,26.38,27.22,503464
2021-06-17,26.99,28.51,26.99,28.33,219592
2021-06-18,27.92,28.12,27.44,27.56,257856
2021-06-21,27.68,28.18,27.11,28.14,349392
2021-06-22,28.1,29.01,28.01,28.9,164320
2021-06-23,28.95,29.24,28.73,28.93,238272
2021-06-24,29.44,29.82,29.35,29.47,175704
2021-06-25,29.61,29.67,29.22,29.37,173876
2021-06-28,29.71,30.47,29.69,30.43,338644
2021-06-29,30.39,30.76,30.19,30.75,417084
2021-06-30,30.7,30.81,30.46,30.66,313720
2021-07-01,30.44,30.78,30.16,30.64,439100
2021-07-02,31.15,31.78,31.14,31.7,157008
2021-07-06,31.89,32.16,31.15,32.11,212600
2021-07-07,32.74,32.81,31.8,32.29,206080
2021-07-08,30.82,31.92,30.6,31.75,389720
2021-07-09,31.59,32.42,31.45,32.32,257712
2021-07-12,32.74,32.77,32.29,32.69,182108
2021-07-13,32.58,33.48,32.49,32.59,270280
2021-07-14,33.33,33.5,32.66,32.77,277224
2021-07-15,32.85,32.88,31.63,32.12,365804
2021-07-16,32.42,32.66,31.31,31.36,388972
2021-07-19,30.45,30.73,29.93,30.46,750092
2021-07-20,30.91,32.07,30.43,31.69,359296
2021-07-21,31.57,32.35,31.52,32.33,255752
2021-07-22,32.47,33.03,32.47,33.02,218568
2021-07-23,33.47,34.27,33.13,34.17,261196
2021-07-26,34.01,34.38,33.81,34.28,176784
2021-07-27,34.2,34.2,31.98,33.13,392364
2021-07-28,33.43,33.91,32.83,33.59,369168
2021-07-29,33.42,34.03,33.41,33.73,143924
2021-07-30,32.6,33.32,32.58,33.11,185504
2021-08-02,33.64,33.78,33.03,33.14,150632
2021-08-03,33.43,33.78,32.49,33.77,265796
2021-08-04,33.75,34.17,33.5,33.97,135580
2021-08-05,34.15,34.6,33.98,34.6,159656
2021-08-06,34.23,34.43,33.79,34.12,124928
2021-08-09,34.3,34.44,33.96,34.28,114600
2021-08-10,34.45,34.52,33.46,33.74,165008
2021-08-11,34.11,34.25,33.24,33.56,122396
2021-08-12,33.45,34.04,33.06,33.98,97916
2021-08-13,34.06,34.39,33.97,34.3,104328
2021-08-16,34.02,34.32,32.93,34.32,239616
2021-08-17,33.57,33.81,32.75,33.41,404204
2021-08-18,33.24,33.67,32.38,32.41,332728
2021-08-19,31.87,33.38,31.87,32.93,451416
2021-08-20,33.25,34.07,33.23,33.99,193260
2021-08-23,34.28,35.67,34.26,35.44,157884
2021-08-24,35.69,35.98,35.53,35.8,114616
2021-08-25,35.87,36.06,35.66,35.87,173244
2021-08-26,35.69,35.87,35.15,35.24,267328
2021-08-27,35.42,36.4,35.38,36.3,202348
2021-08-30,36.5,37.62,36.5,37.5,158956
2021-08-31,37.56,37.56,36.97,37.39,199244
2021-09-01,37.72,38.17,37.52,37.56,196324
2021-09-02,38.02,38.02,37.17,37.48,197332
2021-09-03,37.31,37.95,37.21,37.86,118504
2021-09-07,37.9,38.2,37.63,38.02,149724
2021-09-08,37.95,37.95,36.95,37.56,144276
2021-09-09,37.7,37.99,37.16,37.17,74676
2021-09-10,37.83,37.93,36.31,36.33,184840
2021-09-13,36.98,37.13,35.71,36.29,189132
2021-09-14,36.78,36.94,35.72,35.91,326036
2021-09-15,36.26,36.87,35.46,36.74,424460
2021-09-16,36.42,37.02,35.84,36.88,233324
2021-09-17,36.64,36.64,35.27,35.62,446748
2021-09-20,33.8,34.33,32.0,33.32,504624
2021-09-21,33.9,34.15,33.15,33.59,281836
2021-09-22,33.76,34.78,33.41,34.39,568516
2021-09-23,34.73,35.63,34.62,35.34,302104
2021-09-24,34.67,35.54,34.58,35.48,279184
2021-09-27,34.52,34.83,33.88,34.58,458004
2021-09-28,33.25,33.47,31.53,31.67,734748
2021-09-29,31.94,32.55,31.36,31.49,501076
2021-09-30,31.94,32.37,31.14,31.26,587544
2021-10-01,31.32,31.97,30.23,31.62,958096
2021-10-04,31.27,31.37,29.13,29.7,734500
2021-10-05,30.02,31.48,29.93,30.89,472544
2021-10-06,30.03,31.56,29.82,31.56,841068
2021-10-07,32.33,33.08,32.25,32.34,423708
2021-10-08,32.68,32.73,31.75,31.86,773480
2021-10-11,31.45,32.41,31.2,31.21,549992
2021-10-12,31.52,31.65,30.66,30.86,848312
2021-10-13,31.45,31.71,30.92,31.51,411116
2021-10-14,32.55,33.35,32.39,33.29,335416
2021-10-15,33.7,33.95,33.41,33.95,254904
2021-10-18,33.57,34.99,33.46,34.99,305364
2021-10-19,35.29,35.74,35.09,35.73,244000
2021-10-20,35.9,36.05,35.2,35.56,397180
2021-10-21,35.43,36.3,35.32,36.3,530540
2021-10-22,35.82,36.15,34.84,35.31,640124
2021-10-25,35.77,36.67,35.21,36.32,272980
2021-10-26,37.08,37.77,36.42,36.74,370700
2021-10-27,36.91,37.92,36.85,37.03,519620
2021-10-28,37.56,38.25,37.41,38.24,665532
2021-10-29,37.2,38.85,37.2,38.85,394112
2021-11-01,38.96,39.21,38.35,39.21,248684
2021-11-02,38.99,39.82,38.99,39.72,254088
2021-11-03,39.95,41.04,39.57,40.96,426080
2021-11-04,41.35,42.84,41.19,42.53,612356
2021-11-05,42.98,43.36,42.24,42.61,445532
2021-11-08,42.66,42.95,42.28,42.45,113120
2021-11-09,42.85,42.9,41.16,41.56,619036
2021-11-10,40.66,41.59,39.18,39.8,903676
2021-11-11,40.68,40.73,40.03,40.12,195732
2021-11-12,40.47,41.52,39.94,41.38,486372
2021-11-15,41.7,41.82,40.55,41.33,399392
2021-11-16,41.11,42.35,41.09,42.2,324340
2021-11-17,42.31,42.92,41.96,42.24,303472
2021-11-18,42.93,43.72,42.25,43.58,369328
2021-11-19,44.15,44.65,43.84,44.3,418904
2021-11-22,44.84,45.83,42.72,42.72,875872
2021-11-23,42.35,43.02,40.7,42.21,1007868
2021-11-24,41.36,42.63,40.6,42.62,907384
2021-11-26,41.67,42.16,39.72,40.16,727940
2021-11-29,41.59,43.04,41.37,42.72,657580
2021-11-30,42.41,43.14,40.18,40.81,933032
2021-12-01,42.3,42.91,38.64,38.64,1755508
2021-12-02,38.24,40.13,37.95,39.55,939696
2021-12-03,39.93,40.28,36.25,37.59,855508
2021-12-06,37.65,38.8,36.42,38.48,669072
2021-12-07,40.44,42.04,40.44,41.89,236528
2021-12-08,42.0,42.5,41.4,42.5,620188
2021-12-09,42.12,42.59,40.55,40.6,509184
2021-12-10,41.49,41.94,40.46,41.94,745700
2021-12-13,41.89,41.91,39.97,39.97,496184
2021-12-14,38.53,39.36,37.5,38.66,598472
2021-12-15,38.78,41.54,37.55,41.54,887932
2021-12-16,41.77,41.9,37.76,38.32,1183736
2021-12-17,37.19,38.93,36.75,37.74,567172
2021-12-20,36.2,36.81,35.66,36.49,611220
2021-12-21,37.55,39.07,36.44,39.06,587372
2021-12-22,38.85,40.49,38.72,40.47,411332
2021-12-23,40.58,41.79,40.5,41.4,487792
2021-12-27,41.75,43.37,41.75,43.37,242640
2021-12-28,43.7,43.74,42.51,42.69,752408
2021-12-29,42.87,43.22,42.0,42.8,299472
2021-12-30,42.83,43.41,42.2,42.21,304128
2021-12-31,42.18,42.59,41.45,41.5,394064
2022-01-03,41.97,42.85,41.3,42.79,462668
2022-01-04,42.91,42.94,40.14,41.17,571428
2022-01-05,40.55,40.91,37.26,37.26,868556
2022-01-06,36.76,38.18,36.12,37.26,1208736
2022-01-07,37.17,37.7,35.51,36.0,790468
2022-01-10,34.53,36.23,33.03,36.12,1152708
2022-01-11,35.88,37.76,35.28,37.72,1234600
2022-01-12,38.51,38.97,37.49,38.09,889876
2022-01-13,38.6,38.72,35.03,35.12,624576
2022-01-14,34.57,36.02,34.57,36.02,609680
2022-01-18,34.23,34.85,33.12,33.28,673628
2022-01-19,33.64,34.3,32.11,32.13,640318
2022-01-20,33.1,34.07,30.76,30.87,702442
2022-01-21,30.3,31.0,28.28,28.28,1361008
2022-01-24,26.82,28.87,24.1,28.81,2307426
2022-01-25,27.09,28.13,25.91,26.65,1229630
2022-01-26,28.54,29.41,25.7,26.71,1763856
2022-01-27,27.74,28.1,25.53,25.73,1273772
2022-01-28,26.21,28.22,25.06,28.22,1705186
2022-01-31,28.51,31.0,28.12,31.0,1107070
2022-02-01,31.18,31.67,29.89,31.52,881944
2022-02-02,32.62,32.67,31.18,32.28,1101160
2022-02-03,29.64,30.53,28.07,28.28,1071212
2022-02-04,28.53,30.2,27.97,29.42,1512948
2022-02-07,29.6,30.13,28.37,28.65,1097344
2022-02-08,28.43,29.9,28.12,29.65,1104464
2022-02-09,30.81,31.54,30.4,31.5,899420
2022-02-10,29.67,31.45,28.91,29.41,1592610
2022-02-11,29.38,29.77,26.28,26.64,2096192
2022-02-14,26.46,27.47,25.85,26.7,1028018
2022-02-15,27.91,28.72,27.68,28.7,1077110
2022-02-16,28.11,28.89,27.37,28.64,1326740
2022-02-17,27.91,28.02,25.99,26.06,1077624
2022-02-18,26.3,26.39,24.67,25.17,1578996
2022-02-22,24.53,25.75,23.61,24.44,1776022
2022-02-23,25.13,25.3,22.5,22.55,1910230
2022-02-24,20.39,24.92,20.31,24.83,2968542
2022-02-25,24.99,26.0,24.14,26.0,1612550
2022-02-28,25.21,26.59,24.98,26.19,1888936
2022-03-01,25.96,26.48,24.43,25.0,1567586
2022-03-02,25.38,26.5,24.71,26.23,1559602
2022-03-03,26.88,26.88,24.71,25.11,2346890
2022-03-04,24.63,24.85,23.5,24.03,2819078
2022-03-07,24.02,24.27,21.32,21.35,2049150
2022-03-08,21.16,23.0,20.39,21.12,2228186
2022-03-09,22.69,23.59,22.18,23.34,1723530
2022-03-10,22.45,22.81,21.6,22.56,1831094
2022-03-11,23.16,23.23,21.06,21.06,1985590
2022-03-14,20.91,21.57,19.79,19.9,2421296
2022-03-15,20.47,21.94,20.13,21.79,1997856
2022-03-16,22.61,24.23,21.85,24.23,2334584
2022-03-17,23.79,25.08,23.54,25.08,1350688
2022-03-18,24.76,26.69,24.5,26.68,1567698
2022-03-21,26.45,26.96,25.39,26.42,1784970
2022-03-22,26.57,28.17,26.44,27.96,1476938
2022-03-23,27.28,28.12,26.76,26.78,1279798
2022-03-24,27.23,28.54,26.71,28.54,1192896
2022-03-25,28.53,28.78,27.44,28.45,1242686
2022-03-28,28.47,29.8,28.17,29.8,1184310
2022-03-29,30.77,31.48,30.11,31.32,1263994
2022-03-30,30.88,31.26,29.9,30.3,1232152
2022-03-31,30.3,30.42,29.01,29.01,969124
2022-04-01,29.16,29.39,28.21,28.99,1530276
2022-04-04,29.25,30.75,29.13,30.75,951232
2022-04-05,30.36,30.57,28.45,28.75,1749010
2022-04-06,27.42,27.68,26.21,26.81,2075386
2022-04-07,26.66,27.54,25.8,26.99,1304460
2022-04-08,26.6,26.79,25.75,25.88,1459678
2022-04-11,24.89,25.13,23.98,24.05,1471182
2022-04-12,25.09,25.45,23.45,23.78,2094928
2022-04-13,23.83,25.41,23.69,25.19,1321028
2022-04-14,25.2,25.31,23.42,23.46,1421012
2022-04-18,23.26,24.0,22.91,23.54,1188728
2022-04-19,23.38,25.2,23.23,25.09,1324872
2022-04-20,25.26,25.37,23.73,23.96,1364718
2022-04-21,24.84,25.38,22.31,22.57,1723440
2022-04-22,22.5,22.75,20.66,20.75,2468930
2022-04-25,20.41,21.57,20.16,21.56,1850164
2022-04-26,21.11,21.12,19.06,19.07,2413606
2022-04-27,19.06,20.11,18.68,18.99,2679668
2022-04-28,19.92,21.36,19.16,21.01,2734898
2022-04-29,20.17,20.88,18.1,18.21,3976436
2022-05-02,18.18,19.14,17.57,19.1,1672802
2022-05-03,19.09,19.57,18.67,19.14,1515098
2022-05-04,19.27,21.22,18.27,21.1,2882782
2022-05-05,20.22,20.25,17.27,18.01,3658156
2022-05-06,17.59,18.27,16.55,17.29,2539222
2022-05-09,16.27,16.7,15.01,15.21,2749866
2022-05-10,16.36,16.54,15.14,15.82,3172142
2022-05-11,15.42,16.29,14.24,14.36,3502632
2022-05-12,13.7,14.94,13.35,14.27,3526352
2022-05-13,14.93,16.0,14.69,15.82,2771450
2022-05-16,15.5,15.89,15.09,15.29,1741336
2022-05-17,16.23,16.54,15.63,16.5,2040486
2022-05-18,15.72,15.84,13.86,14.05,1944976
2022-05-19,13.8,14.51,13.53,13.81,2106072
2022-05-20,14.38,14.41,12.48,13.68,2626812
2022-05-23,13.79,14.41,13.48,14.35,1862626
2022-05-24,13.56,13.66,12.72,13.4,2371390
2022-05-25,13.23,14.3,13.23,13.98,3212108
2022-05-26,13.87,15.39,13.86,15.18,3172422
2022-05-27,15.66,16.66,15.65,16.66,2804902
2022-05-31,16.66,17.0,15.88,16.53,3065774
2022-06-01,16.94,17.21,15.78,16.15,3320974
2022-06-02,15.96,17.48,15.76,17.47,2904422
2022-06-03,16.56,16.81,15.88,16.07,4174890
2022-06-06,16.82,17.06,16.0,16.25,3829170
2022-06-07,15.71,16.79,15.53,16.68,2429782
2022-06-08,16.54,16.97,16.18,16.32,1871944
2022-06-09,16.02,16.52,14.97,14.98,3168104
2022-06-10,14.14,14.3,13.34,13.38,4287516
2022-06-13,12.13,12.49,11.41,11.56,7083884
2022-06-14,11.82,11.93,11.26,11.6,4777428
2022-06-15,12.06,12.96,11.68,12.45,5499254
2022-06-16,11.49,11.55,10.66,10.94,3805870
2022-06-17,11.03,11.64,10.84,11.36,3035132
2022-06-21,11.91,12.49,11.9,12.19,3512754
2022-06-22,11.83,12.72,11.79,12.15,4248994
2022-06-23,12.47,12.79,12.09,12.68,3637734
2022-06-24,13.07,14.0,13.03,14.0,2583540
2022-06-27,14.17,14.24,13.5,13.67,4037516
2022-06-28,13.74,14.1,12.38,12.41,3856404
2022-06-29,12.41,12.64,12.05,12.45,4067306
2022-06-30,12.03,12.44,11.38,11.96,5496032
2022-07-01,11.88,12.23,11.55,12.2,3258438
2022-07-05,11.71,12.84,11.5,12.84,7244278
2022-07-06,12.89,13.36,12.65,13.04,3745614
2022-07-07,13.21,14.0,13.21,13.89,2642000
2022-07-08,13.49,14.15,13.37,13.94,3255720
2022-07-11,13.59,13.63,12.93,13.03,2731014
2022-07-12,13.21,13.48,12.46,12.68,3291674
2022-07-13,11.92,12.91,11.85,12.62,3182294
2022-07-14,12.23,12.84,11.81,12.72,3678048
2022-07-15,13.13,13.42,12.91,13.4,3639026
2022-07-18,13.81,14.0,12.92,13.06,2721524
2022-07-19,13.6,14.31,13.37,14.27,2686540
2022-07-20,14.35,15.13,14.22,14.94,3290612
2022-07-21,15.01,15.58,14.61,15.56,2478690
2022-07-22,15.45,15.75,14.48,14.76,2507120
2022-07-25,14.74,14.82,14.22,14.51,1886922
2022-07-26,14.25,14.27,13.54,13.65,2792722
2022-07-27,14.33,15.62,14.22,15.37,3386756
2022-07-28,15.34,15.91,14.76,15.83,2939826
2022-07-29,16.08,16.82,15.86,16.69,2169452
2022-08-01,16.39,17.2,16.23,16.64,1874408
2022-08-02,16.25,17.17,16.13,16.5,2405284
2022-08-03,16.8,17.97,16.79,17.81,2120888
2022-08-04,17.85,18.13,17.49,18.06,1594790
2022-08-05,17.2,17.98,17.08,17.64,2016884
2022-08-08,17.8,18.4,17.23,17.47,1586824
2022-08-09,17.11,17.18,16.6,16.86,1654700
2022-08-10,18.08,18.32,17.66,18.27,1635216
2022-08-11,18.68,19.01,17.84,17.95,1870106
2022-08-12,18.31,19.02,18.13,19.01,1169406
2022-08-15,18.84,19.54,18.84,19.43,1146326
2022-08-16,19.28,19.68,18.77,19.33,1696840
2022-08-17,18.76,19.14,18.27,18.63,1663138
2022-08-18,18.63,18.97,18.35,18.78,1639264
2022-08-19,18.21,18.34,17.54,17.69,1888556
2022-08-22,16.91,16.98,16.14,16.28,1876056
2022-08-23,16.23,16.67,16.1,16.2,1611586
2022-08-24,16.19,16.65,16.07,16.36,1107224
2022-08-25,16.63,17.22,16.47,17.21,1377818
2022-08-26,17.18,17.36,15.11,15.11,1625832
2022-08-29,14.66,15.06,14.48,14.64,2245030
2022-08-30,14.9,14.96,13.79,14.15,4097136
2022-08-31,14.57,14.69,13.89,13.91,3890990
2022-09-01,13.52,13.96,13.01,13.93,5178128
2022-09-02,14.32,14.51,13.09,13.31,5583628
2022-09-06,13.37,13.49,12.74,13.02,2795840
2022-09-07,13.08,13.95,13.06,13.81,2925846
2022-09-08,13.48,14.2,13.33,14.01,3059142
2022-09-09,14.34,15.0,14.34,14.93,2072548
2022-09-12,15.15,15.52,15.1,15.46,1921766
2022-09-13,14.11,14.3,12.78,12.92,2882450
2022-09-14,13.06,13.33,12.82,13.25,2624632
2022-09-15,12.95,13.27,12.33,12.54,3233898
2022-09-16,12.1,12.36,11.84,12.3,2701430
2022-09-19,11.97,12.61,11.97,12.61,1846386
2022-09-20,12.27,12.59,12.0,12.29,2202790
2022-09-21,12.42,12.94,11.63,11.63,4303018
2022-09-22,11.43,11.56,11.05,11.19,2844902
2022-09-23,10.89,10.93,10.23,10.66,3754562
2022-09-26,10.59,11.1,10.44,10.47,3866368
2022-09-27,10.91,11.18,10.25,10.54,3759600
2022-09-28,10.51,11.29,10.35,11.15,6027778
2022-09-29,10.65,10.7,9.82,10.2,4615202
2022-09-30,10.06,10.54,9.64,9.695,3596644
2022-10-03,9.853,10.51,9.683,10.34,3053870
2022-10-04,10.96,11.38,10.96,11.3,2501382
2022-10-05,10.83,11.5,10.51,11.28,2914610
2022-10-06,11.15,11.53,10.96,11.01,2813006
2022-10-07,10.43,10.45,9.585,9.735,4628358
2022-10-10,9.765,9.793,9.15,9.428,3151260
2022-10-11,9.25,9.568,8.873,9.058,3641098
2022-10-12,9.128,9.31,8.975,9.068,1639090
2022-10-13,8.25,9.8,8.168,9.658,3199132
2022-10-14,9.925,9.99,8.733,8.785,2366408
2022-10-17,9.405,9.748,9.405,9.673,2630364
2022-10-18,10.46,10.5,9.595,9.898,3415174
2022-10-19,9.69,10.11,9.51,9.775,2032898
2022-10-20,9.71,10.23,9.485,9.6,2477062
2022-10-21,9.475,10.34,9.365,10.31,2867346
2022-10-24,10.34,10.74,9.9,10.63,2263454
2022-10-25,10.74,11.32,10.74,11.28,1630160
2022-10-26,10.58,11.25,10.47,10.5,4418048
2022-10-27,10.43,10.56,9.885,9.918,5453188
2022-10-28,9.865,10.9,9.865,10.86,3901582
2022-10-31,10.6,10.68,10.25,10.46,3317488
2022-11-01,10.89,10.93,10.11,10.14,3251644
2022-11-02,10.15,10.48,9.103,9.103,3984716
2022-11-03,8.795,8.965,8.525,8.57,3568312
2022-11-04,9.07,9.16,8.425,8.97,6786112
2022-11-07,9.085,9.32,8.855,9.26,4410702
2022-11-08,9.43,9.8,9.07,9.458,3223748
2022-11-09,9.26,9.35,8.77,8.788,1963308
2022-11-10,10.07,10.77,9.85,10.73,4703724
2022-11-11,10.74,11.42,10.56,11.33,4155932
2022-11-14,11.09,11.48,10.91,11.03,2438462
2022-11-15,11.84,11.97,11.1,11.49,4214174
2022-11-16,11.25,11.28,10.92,11.01,2714818
2022-11-17,10.47,11.1,10.46,10.93,4211314
2022-11-18,11.29,11.29,10.64,10.93,3085532
2022-11-21,10.76,10.9,10.49,10.59,1910138
2022-11-22,10.68,11.05,10.42,11.03,2689068
2022-11-23,11.03,11.43,11.01,11.36,3045258
2022-11-25,11.18,11.25,11.08,11.12,1033706
2022-11-28,10.9,11.13,10.54,10.65,2190316
2022-11-29,10.67,10.71,10.24,10.39,1975178
2022-11-30,10.43,11.82,10.33,11.82,2428402
2022-12-01,11.86,12.08,11.51,11.86,1546120
2022-12-02,11.23,11.81,11.2,11.7,2914092
2022-12-05,11.45,11.6,10.94,11.1,1695928
2022-12-06,11.09,11.1,10.25,10.43,2189928
2022-12-07,10.28,10.51,10.1,10.29,3352562
2022-12-08,10.43,10.75,10.21,10.66,2569186
2022-12-09,10.53,10.85,10.39,10.44,2005736
2022-12-12,10.46,10.83,10.34,10.83,1529766
2022-12-13,12.11,12.11,10.87,11.17,4638948
2022-12-14,11.11,11.49,10.56,10.92,2409054
2022-12-15,10.42,10.51,9.675,9.815,3582246
2022-12-16,9.735,9.898,9.358,9.52,1701626
2022-12-19,9.54,9.555,8.993,9.143,1225294
2022-12-20,9.003,9.278,8.84,9.1,1543842
2022-12-21,9.205,9.625,9.12,9.49,1693804
2022-12-22,9.095,9.115,8.293,8.743,3757750
2022-12-23,8.605,8.86,8.415,8.79,1209492
2022-12-27,8.73,8.73,8.36,8.415,1653374
2022-12-28,8.363,8.595,8.05,8.08,2737976
2022-12-29,8.335,8.745,8.273,8.668,2804478
2022-12-30,8.378,8.648,8.25,8.648,2499966
2023-01-03,8.865,9.01,8.235,8.46,2761546
2023-01-04,8.67,8.745,8.275,8.58,3216524
2023-01-05,8.4,8.415,8.14,8.172,2985690
2023-01-06,8.343,8.943,8.05,8.828,3653188
2023-01-09,9.055,9.475,8.95,9.01,2797480
2023-01-10,8.895,9.24,8.855,9.235,3005506
2023-01-11,9.365,9.715,9.26,9.71,1979132
2023-01-12,9.778,9.96,9.295,9.853,4763756
2023-01-13,9.575,10.08,9.55,10.05,3099926
2023-01-17,10.04,10.26,9.913,10.1,2782100
2023-01-18,10.29,10.45,9.7,9.718,2961732
2023-01-19,9.525,9.655,9.29,9.415,2346932
2023-01-20,9.56,10.22,9.485,10.21,2084472
2023-01-23,10.3,11.0,10.2,10.88,3258204
2023-01-24,10.7,10.93,10.62,10.81,2026960
2023-01-25,10.27,10.79,9.99,10.7,3335570
2023-01-26,11.13,11.35,10.8,11.35,4152136
2023-01-27,11.2,11.9,11.18,11.66,2111690
2023-01-30,11.27,11.45,10.93,10.94,2783124
2023-01-31,10.98,11.46,10.96,11.46,2066976
2023-02-01,11.42,12.46,11.19,12.16,3489396
2023-02-02,12.98,13.71,12.88,13.47,4420906
2023-02-03,12.59,13.57,12.56,12.76,4677254
2023-02-06,12.42,12.72,12.27,12.44,2147580
2023-02-07,12.42,13.34,12.28,13.22,3858426
2023-02-08,13.04,13.15,12.41,12.5,2937982
2023-02-09,13.04,13.05,11.97,12.14,2927206
2023-02-10,11.88,12.12,11.61,11.91,3039254
2023-02-13,12.07,12.55,11.93,12.48,2587816
2023-02-14,12.27,12.86,12.03,12.75,5827722
2023-02-15,12.53,13.04,12.44,13.04,2721302
2023-02-16,12.42,12.92,12.27,12.28,3463326
2023-02-17,12.0,12.11,11.65,12.02,3637000
2023-02-21,11.56,11.72,11.15,11.16,2406056
2023-02-22,11.24,11.42,11.0,11.16,3178818
2023-02-23,11.6,11.62,10.98,11.47,3372808
2023-02-24,10.87,11.01,10.68,10.87,3074072
2023-02-27,11.25,11.4,11.05,11.12,3166878
2023-02-28,11.04,11.35,11.01,11.08,2511652
2023-03-01,11.02,11.1,10.69,10.78,2982038
2023-03-02,10.5,11.15,10.48,11.06,3960380
2023-03-03,11.26,11.76,11.2,11.74,3512796
2023-03-06,11.89,12.23,11.75,11.77,2363270
2023-03-07,11.78,11.89,11.27,11.34,2267230
2023-03-08,11.38,11.57,11.17,11.5,4009884
2023-03-09,11.55,11.86,10.8,10.88,5512492
2023-03-10,10.9,11.08,10.31,10.43,10591010
2023-03-13,10.23,11.07,10.07,10.66,12449632
2023-03-14,11.07,11.45,10.97,11.39,7488830
2023-03-15,11.06,11.61,10.93,11.56,7141938
2023-03-16,11.44,12.52,11.37,12.48,2732002
2023-03-17,12.46,12.75,12.05,12.29,3410326
2023-03-20,12.22,12.44,11.95,12.41,2708904
2023-03-21,12.66,13.0,12.47,12.93,3124988
2023-03-22,12.86,13.47,12.33,12.33,4735286
2023-03-23,12.8,13.3,12.45,12.79,3277820
2023-03-24,12.71,12.92,12.42,12.92,5210114
2023-03-27,13.0,13.13,12.54,12.61,3710294
2023-03-28,12.56,12.57,12.15,12.44,3372634
2023-03-29,12.9,13.18,12.79,13.12,3348182
2023-03-30,13.42,13.54,13.25,13.47,2853122
2023-03-31,13.48,14.16,13.46,14.13,3155734
2023-04-03,13.83,14.06,13.67,14.03,2997620
2023-04-04,14.09,14.21,13.71,13.88,2656962
2023-04-05,13.72,13.75,13.21,13.44,4080386
2023-04-06,13.22,13.78,13.06,13.72,1622160
2023-04-10,13.34,13.68,13.09,13.67,1649380
2023-04-11,13.67,13.68,13.35,13.42,1261236
2023-04-12,13.68,13.74,13.0,13.05,3386168
2023-04-13,13.27,13.87,13.25,13.83,1546488
2023-04-14,13.6,13.96,13.36,13.73,2305054
2023-04-17,13.66,13.8,13.41,13.75,1295742
2023-04-18,14.04,14.08,13.6,13.76,1235480
2023-04-19,13.44,13.86,13.42,13.74,2058862
2023-04-20,13.32,13.79,13.24,13.41,2224726
2023-04-21,13.36,13.54,13.13,13.45,1652884
2023-04-24,13.41,13.58,13.08,13.35,1698388
2023-04-25,13.14,13.22,12.59,12.59,2454274
2023-04-26,13.01,13.19,12.76,12.82,2567984
2023-04-27,13.28,13.91,13.2,13.86,2526894
2023-04-28,13.81,14.14,13.68,14.14,2824710
2023-05-01,14.07,14.26,13.94,14.08,1128702
2023-05-02,14.07,14.11,13.48,13.7,2336494
2023-05-03,13.75,14.09,13.42,13.44,2261764
2023-05-04,13.39,13.52,13.15,13.27,3009380
2023-05-05,13.55,14.23,13.53,14.12,1556854
2023-05-08,14.07,14.25,13.92,14.22,1058858
2023-05-09,14.0,14.1,13.91,13.94,761684
2023-05-10,14.26,14.51,13.94,14.39,2980530
2023-05-11,14.46,14.59,14.25,14.52,1676580
2023-05-12,14.6,14.65,14.09,14.36,2138026
2023-05-15,14.42,14.62,14.22,14.6,2490808
2023-05-16,14.49,14.87,14.49,14.64,2164912
2023-05-17,14.78,15.23,14.64,15.17,1446576
2023-05-18,15.21,16.02,15.2,15.99,2881448
2023-05-19,16.03,16.11,15.73,15.88,1953932
2023-05-22,15.84,16.18,15.84,16.04,1566942
2023-05-23,15.78,15.94,15.37,15.41,2453870
2023-05-24,15.12,15.34,14.89,15.17,1727964
2023-05-25,16.21,16.43,15.85,16.26,2193826
2023-05-26,16.4,17.62,16.4,17.5,2132174
2023-05-30,18.17,18.33,17.52,17.73,2537122
2023-05-31,17.48,17.77,17.2,17.37,1121556
2023-06-01,17.37,18.21,17.24,18.01,1347270
2023-06-02,18.3,18.59,18.01,18.39,1581186
2023-06-05,18.39,18.85,18.29,18.45,1331250
2023-06-06,18.34,18.57,18.15,18.45,827978
2023-06-07,18.49,18.78,17.4,17.48,1118848
2023-06-08,17.52,18.18,17.48,18.1,920228
2023-06-09,18.35,18.81,18.1,18.32,1259306
2023-06-12,18.58,19.25,18.43,19.25,651262
2023-06-13,19.7,19.81,19.17,19.69,1717430
2023-06-14,19.7,20.15,19.22,20.09,1720488
2023-06-15,19.86,21.04,19.77,20.8,2120228
2023-06-16,21.22,21.22,20.33,20.4,1364548
2023-06-20,20.17,20.53,19.82,20.32,1051484
2023-06-21,20.03,20.09,19.25,19.43,1255280
2023-06-22,19.19,20.1,19.12,20.09,1527350
2023-06-23,19.42,19.85,19.2,19.45,1594972
2023-06-26,19.37,19.83,18.67,18.68,1665482
2023-06-27,18.91,19.75,18.81,19.66,1004742
2023-06-28,19.34,20.07,19.32,19.74,1887786
2023-06-29,19.68,19.77,19.35,19.59,1666562
2023-06-30,20.21,20.67,20.15,20.52,1267968
2023-07-03,20.6,20.74,20.43,20.61,474836
2023-07-05,20.36,20.92,20.36,20.64,975418
2023-07-06,19.98,20.21,19.65,20.14,1643212
2023-07-07,20.12,20.62,19.9,19.93,1027806
2023-07-10,19.88,20.04,19.48,19.93,1105360
2023-07-11,20.02,20.3,19.65,20.24,707996
2023-07-12,20.92,21.22,20.58,20.98,1632666
2023-07-13,21.52,22.18,21.43,22.06,684028
2023-07-14,22.14,22.68,21.88,22.03,1257338
2023-07-17,22.13,22.77,22.1,22.61,1023884
2023-07-18,22.5,23.4,22.17,23.18,1457346
2023-07-19,23.38,23.56,22.91,23.12,1485604
2023-07-20,22.57,22.84,21.35,21.54,2233112
2023-07-21,21.94,22.07,21.27,21.35,1519510
2023-07-24,21.49,21.66,21.11,21.43,603582
2023-07-25,21.54,22.14,21.54,21.89,844966
2023-07-26,21.64,21.93,21.22,21.63,1472536
2023-07-27,22.56,22.83,21.23,21.46,1950808
2023-07-28,22.1,22.79,22.07,22.6,1514066
2023-07-31,22.69,22.85,22.41,22.67,1272914
2023-08-01,22.4,22.61,22.12,22.47,678568
2023-08-02,21.84,21.84,20.77,20.99,2433870
2023-08-03,20.56,21.22,20.53,20.88,1523220
2023-08-04,21.19,21.56,20.5,20.57,2342678
2023-08-07,20.88,21.1,20.47,21.08,780634
2023-08-08,20.65,20.65,20.01,20.53,1127086
2023-08-09,20.57,20.6,19.73,19.83,1236124
2023-08-10,20.34,20.88,19.7,19.93,1842428
2023-08-11,19.49,19.84,19.3,19.54,1164918
2023-08-14,19.43,20.22,19.31,20.22,801650
2023-08-15,20.02,20.17,19.44,19.56,1101050
2023-08-16,19.46,19.69,18.91,18.92,964532
2023-08-17,19.13,19.18,18.22,18.29,1405852
2023-08-18,17.75,18.4,17.69,18.2,1901152
2023-08-21,18.43,19.18,18.38,19.1,1423256
2023-08-22,19.48,19.49,18.89,18.99,1784708
2023-08-23,19.17,20.05,19.15,19.89,1219470
2023-08-24,20.44,20.44,18.55,18.57,1562136
2023-08-25,18.7,19.26,18.18,19.02,2472474
2023-08-28,19.48,19.58,19.05,19.45,1451810
2023-08-29,19.4,20.76,19.35,20.72,1984754
2023-08-30,20.72,21.14,20.55,21.05,1491800
2023-08-31,21.02,21.49,21.02,21.19,1808090
2023-09-01,21.62,21.68,20.88,21.12,1904116
2023-09-05,20.99,21.4,20.84,21.2,961556
2023-09-06,21.07,21.11,20.3,20.66,1181748
2023-09-07,19.85,20.29,19.69,20.18,1055526
2023-09-08,20.16,20.61,20.09,20.26,1054412
2023-09-11,20.75,21.04,20.43,20.95,902904
2023-09-12,20.64,20.9,20.2,20.26,1394338
2023-09-13,20.28,20.74,20.1,20.47,2577696
2023-09-14,20.77,21.12,20.4,20.96,1112882
2023-09-15,20.72,20.79,19.73,19.86,1456830
2023-09-18,19.73,20.11,19.67,19.93,1104840
2023-09-19,19.7,19.91,19.3,19.78,1654742
2023-09-20,19.89,19.95,18.86,18.87,2264946
2023-09-21,18.27,18.39,17.79,17.8,1870134
2023-09-22,18.07,18.38,17.76,17.8,2056510
2023-09-25,17.66,18.07,17.51,18.06,1303524
2023-09-26,17.68,17.74,17.09,17.25,1852646
2023-09-27,17.4,17.63,16.82,17.36,2764524
2023-09-28,17.21,18.08,17.08,17.77,2712306
2023-09-29,18.29,18.5,17.61,17.82,3598642
2023-10-02,17.83,18.44,17.74,18.24,2003106
2023-10-03,17.88,18.18,17.02,17.27,2386706
2023-10-04,17.4,18.09,17.33,17.96,3098464
2023-10-05,17.95,18.0,17.25,17.77,1937426
2023-10-06,17.34,18.85,17.21,18.67,2792982
2023-10-09,18.29,19.04,18.08,18.95,1395184
2023-10-10,19.01,19.68,18.93,19.26,2235858
2023-10-11,19.5,19.7,19.2,19.67,1005420
2023-10-12,19.75,20.02,19.07,19.43,1579178
2023-10-13,19.55,19.63,18.5,18.69,2398288
2023-10-16,18.92,19.5,18.89,19.32,1773296
2023-10-17,18.75,19.41,18.43,19.15,1273424
2023-10-18,18.74,19.09,18.18,18.33,1964168
2023-10-19,18.57,18.76,17.73,17.85,3303462
2023-10-20,17.74,17.84,17.01,17.05,1923330
2023-10-23,16.84,17.7,16.53,17.2,1969816
2023-10-24,17.45,17.8,17.2,17.68,1744944
2023-10-25,17.31,17.34,16.29,16.38,2731358
2023-10-26,16.2,16.32,15.24,15.42,3381894
2023-10-27,15.84,16.11,15.48,15.66,3140196
2023-10-30,15.99,16.35,15.79,16.16,2203178
2023-10-31,16.16,16.44,15.8,16.39,1322706
2023-11-01,16.5,17.31,16.49,17.26,2717362
2023-11-02,17.89,18.18,17.71,18.16,2222040
2023-11-03,18.36,18.99,18.33,18.82,1138288
2023-11-06,18.92,19.1,18.67,19.02,1155002
2023-11-07,19.18,19.68,18.99,19.55,1752170
2023-11-08,19.61,19.71,19.22,19.59,1475894
2023-11-09,19.68,19.86,19.04,19.1,1588402
2023-11-10,19.38,20.41,19.3,20.39,1371424
2023-11-13,20.13,20.36,19.88,20.2,1236422
2023-11-14,21.25,21.64,21.15,21.49,1578490
2023-11-15,21.83,21.88,21.31,21.54,1518036
2023-11-16,21.38,21.6,21.17,21.57,2481736
2023-11-17,21.44,21.75,21.29,21.58,1243324
2023-11-20,21.58,22.47,21.58,22.35,1081588
2023-11-21,22.05,22.06,21.65,21.95,712232
2023-11-22,22.31,22.71,22.03,22.2,1174634
2023-11-24,22.13,22.21,21.93,22.1,362720
2023-11-27,22.02,22.36,21.89,22.03,765176
2023-11-28,21.9,22.3,21.84,22.2,1952820
2023-11-29,22.63,22.86,22.07,22.11,1272376
2023-11-30,22.14,22.22,21.43,21.92,1416952
2023-12-01,21.73,22.21,21.47,22.12,1008638
2023-12-04,21.45,21.53,20.88,21.47,1721908
2023-12-05,21.2,21.85,21.15,21.65,1314878
2023-12-06,22.16,22.16,21.21,21.27,1699472
2023-12-07,21.74,22.27,21.56,22.16,1852780
2023-12-08,21.83,22.5,21.83,22.41,1766530
2023-12-11,22.34,23.04,22.31,23.0,1133648
2023-12-12,22.99,23.55,22.79,23.55,1089256
2023-12-13,23.7,24.53,23.55,24.43,2150682
2023-12-14,24.62,24.85,23.78,24.33,1394792
2023-12-15,24.51,24.89,24.36,24.6,1233900
2023-12-18,24.7,25.3,24.69,25.16,937200
2023-12-19,25.2,25.53,25.19,25.52,941766
2023-12-20,25.23,25.63,24.23,24.25,1851214
2023-12-21,24.94,25.13,24.49,25.08,1470872
2023-12-22,25.3,25.47,24.82,25.19,923072
2023-12-26,25.32,25.75,25.31,25.62,677676
2023-12-27,25.69,25.83,25.53,25.78,618456
2023-12-28,25.96,26.01,25.64,25.69,726460
2023-12-29,25.69,25.76,25.0,25.36,881872
2024-01-02,24.68,24.7,23.64,24.07,1314794
2024-01-03,23.59,23.77,23.23,23.27,1127284
2024-01-04,22.93,23.49,22.87,22.9,905692
2024-01-05,22.94,23.46,22.74,22.98,1425822
2024-01-08,23.2,24.45,23.17,24.41,1107294
2024-01-09,23.85,24.69,23.82,24.54,841072
2024-01-10,24.6,25.2,24.43,25.03,1186546
2024-01-11,25.28,25.48,24.21,25.15,1652516
2024-01-12,25.34,25.48,24.92,25.18,1082328
2024-01-16,24.94,25.45,24.67,25.16,1084646
2024-01-17,24.55,24.79,23.95,24.73,1351862
2024-01-18,25.35,25.84,25.06,25.78,1438706
2024-01-19,26.18,27.31,26.05,27.29,1085052
2024-01-22,27.7,27.96,27.26,27.37,1159596
2024-01-23,27.5,27.73,27.14,27.69,810534
2024-01-24,28.48,28.94,28.08,28.17,1399016
2024-01-25,28.64,28.76,27.77,28.23,1404056
2024-01-26,27.82,28.18,27.6,27.71,634928
2024-01-29,27.82,28.59,27.69,28.56,997950
2024-01-30,28.35,28.46,27.81,27.98,653352
2024-01-31,27.04,27.49,26.3,26.34,1406392
2024-02-01,26.64,27.31,26.46,27.24,853330
2024-02-02,27.59,28.84,27.44,28.63,1623058
2024-02-05,28.59,28.7,27.79,28.48,1171190
2024-02-06,28.7,28.82,27.83,28.31,1006644
2024-02-07,28.85,29.33,28.59,29.16,830478
2024-02-08,29.19,29.45,29.02,29.3,1057638
2024-02-09,29.52,30.3,29.37,30.14,782370
2024-02-12,30.09,30.57,29.66,29.8,884714
2024-02-13,28.05,28.93,27.72,28.37,1396802
2024-02-14,28.91,29.37,28.44,29.33,803610
2024-02-15,29.43,29.61,28.88,29.51,1097284
2024-02-16,29.59,29.59,28.56,28.69,926530
2024-02-20,28.26,28.57,27.29,28.05,1292910
2024-02-21,27.39,27.71,26.91,27.69,832362
2024-02-22,29.46,30.29,29.25,30.1,1105700
2024-02-23,30.43,30.6,29.61,29.81,862916
2024-02-26,29.98,30.18,29.72,29.77,580774
2024-02-27,29.96,30.04,29.45,30.0,545822
2024-02-28,29.52,29.75,29.3,29.47,1532352
2024-02-29,30.04,30.42,29.4,30.26,1370586
2024-03-01,30.38,31.76,30.37,31.57,1172014
2024-03-04,31.57,31.64,31.17,31.2,999444
2024-03-05,30.55,30.55,29.02,29.51,1258186
2024-03-06,30.38,30.71,29.68,30.06,1235362
2024-03-07,30.78,31.65,30.48,31.47,826378
2024-03-08,31.45,32.05,29.9,30.03,2249900
2024-03-11,29.65,29.93,29.29,29.67,918802
2024-03-12,30.19,31.02,29.48,30.95,900276
2024-03-13,30.68,30.68,30.03,30.21,780888
2024-03-14,30.44,30.52,29.4,29.97,1166490
2024-03-15,29.32,29.46,28.65,28.9,785202
2024-03-18,29.95,30.4,29.65,29.69,499332
2024-03-19,29.28,29.97,28.86,29.89,436766
2024-03-20,30.08,30.92,29.69,30.87,945964
2024-03-21,31.88,31.97,31.22,31.24,615100
2024-03-22,31.14,31.57,30.96,31.33,378468
2024-03-25,30.71,31.31,30.54,31.03,430160
2024-03-26,31.27,31.49,30.65,30.69,498184
2024-03-27,31.29,31.31,30.37,30.98,605252
2024-03-28,30.95,31.11,30.7,30.78,471806
2024-04-01,30.97,31.49,30.59,30.98,533448
2024-04-02,29.93,30.21,29.51,30.15,500040
2024-04-03,29.73,30.71,29.73,30.34,545346
2024-04-04,31.19,31.3,28.88,28.89,1274368
2024-04-05,29.17,30.46,29.04,29.95,961704
2024-04-08,30.11,30.32,29.7,29.94,457952
2024-04-09,30.41,30.46,29.31,30.27,667022
2024-04-10,29.15,29.63,29.03,29.43,1632930
2024-04-11,29.8,31.03,29.35,30.86,1850362
2024-04-12,29.94,30.17,29.08,29.37,918296
2024-04-15,30.09,30.1,27.72,27.88,1401620
2024-04-16,27.84,28.4,27.63,27.91,1047494
2024-04-17,28.27,28.27,26.68,26.86,1330918
2024-04-18,26.94,27.25,26.26,26.37,1012550
2024-04-19,26.13,26.21,24.44,24.74,1820332
2024-04-22,25.23,25.88,24.6,25.47,823416
2024-04-23,25.83,26.8,25.77,26.63,560574
2024-04-24,27.19,27.44,26.44,26.87,673188
2024-04-25,25.43,26.59,25.25,26.42,784864
2024-04-26,27.03,27.93,26.9,27.66,662088
2024-04-29,28.05,28.16,27.45,27.98,513284
2024-04-30,27.68,27.88,26.37,26.37,476022
2024-05-01,26.06,27.35,25.65,25.82,1466612
2024-05-02,26.46,26.92,25.62,26.76,822998
2024-05-03,28.14,28.53,27.88,28.36,707078
2024-05-06,28.71,29.29,28.59,29.29,457726
2024-05-07,29.36,29.61,29.15,29.28,852704
2024-05-08,28.75,29.51,28.75,29.24,416228
2024-05-09,29.26,29.49,28.88,29.37,278062
2024-05-10,29.68,30.03,29.28,29.58,689992
2024-05-13,29.97,29.97,29.5,29.79,371278
2024-05-14,29.68,30.44,29.65,30.36,496428
2024-05-15,30.85,31.8,30.55,31.73,698134
2024-05-16,31.68,32.1,31.5,31.5,568558
2024-05-17,31.55,31.67,31.04,31.49,419594
2024-05-20,31.52,32.26,31.48,32.1,573660
2024-05-21,31.72,32.34,31.68,32.3,510466
2024-05-22,32.34,32.5,31.73,32.25,458672
2024-05-23,33.25,33.25,31.41,31.81,678208
2024-05-24,32.03,32.94,31.98,32.68,738964
2024-05-28,32.91,33.04,32.42,33.04,985318
2024-05-29,32.14,32.7,32.14,32.32,319186
2024-05-30,32.06,32.09,31.0,31.29,554806
2024-05-31,31.3,31.43,29.49,31.25,938386
2024-06-03,31.9,32.04,30.49,31.54,474464
2024-06-04,31.52,32.05,31.14,31.81,622136
2024-06-05,32.57,33.73,32.38,33.73,555554
2024-06-06,33.81,33.92,33.45,33.69,267848
2024-06-07,33.56,34.15,33.36,33.52,334460
2024-06-10,33.31,34.02,33.24,33.94,248382
2024-06-11,33.65,34.65,33.33,34.65,301018
2024-06-12,35.51,36.48,35.37,36.0,700966
2024-06-13,36.81,36.92,36.07,36.55,261340
2024-06-14,36.48,37.06,36.39,37.06,286082
2024-06-17,37.14,38.86,36.87,38.42,424240
2024-06-18,38.41,38.6,38.03,38.45,198158
2024-06-20,38.77,38.81,37.12,37.54,755384
2024-06-21,37.39,37.74,36.88,37.26,361930
2024-06-24,36.91,37.3,35.91,35.93,351724
2024-06-25,36.37,37.2,36.2,37.15,335682
2024-06-26,36.78,37.34,36.73,37.23,388896
2024-06-27,37.24,37.8,36.98,37.51,406816
2024-06-28,37.61,38.75,36.75,36.81,576678
2024-07-01,37.04,37.63,36.22,37.51,395962
2024-07-02,37.16,38.69,37.14,38.66,496544
2024-07-03,38.57,39.63,38.57,39.58,222856
2024-07-05,39.84,40.92,39.72,40.82,422096
2024-07-08,40.87,41.17,40.64,41.07,234800
2024-07-09,41.49,41.7,40.82,41.2,452942
2024-07-10,41.67,42.59,41.34,42.48,409378
2024-07-11,42.52,42.52,39.35,39.69,724678
2024-07-12,39.72,41.47,39.66,40.32,602648
2024-07-15,40.78,41.8,40.12,40.55,810824
2024-07-16,41.0,41.14,39.88,40.61,490368
2024-07-17,38.66,38.78,37.07,37.08,696892
2024-07-18,37.9,37.9,35.78,36.54,883354
2024-07-19,36.38,36.98,35.23,35.51,861884
2024-07-22,36.63,37.31,36.09,37.1,449026
2024-07-23,36.88,37.55,36.6,36.68,389450
2024-07-24,35.07,35.18,32.53,32.67,932440
2024-07-25,32.77,33.65,31.07,31.63,1470052
2024-07-26,32.43,33.15,31.92,32.56,826036
2024-07-29,33.1,33.59,32.28,32.75,411892
2024-07-30,33.15,33.28,30.68,31.36,831994
2024-07-31,33.54,34.5,33.25,34.14,1311062
2024-08-01,34.29,35.11,30.86,31.69,1150128
2024-08-02,29.81,30.34,28.5,29.35,947812
2024-08-05,24.51,28.09,24.48,26.8,1322638
2024-08-06,27.11,28.88,26.61,27.49,1123140
2024-08-07,28.8,29.24,26.5,26.63,831350
2024-08-08,27.73,29.16,27.01,29.03,899778
2024-08-09,28.73,29.75,28.51,29.49,822144
2024-08-12,29.61,30.19,29.09,29.59,616702
2024-08-13,30.49,31.85,30.45,31.79,751662
2024-08-14,31.99,32.32,30.95,31.85,599086
2024-08-15,33.14,34.31,32.99,34.2,574030
2024-08-16,33.78,34.63,33.61,34.31,494112
2024-08-19,34.33,35.67,33.95,35.67,836412
2024-08-20,35.46,36.03,35.05,35.39,667724
2024-08-21,35.6,36.33,35.23,35.96,767918
2024-08-22,36.42,36.57,33.97,34.21,945572
2024-08-23,35.12,35.85,34.26,35.28,703860
2024-08-26,35.1,35.31,33.78,34.07,428348
2024-08-27,33.87,34.74,33.44,34.54,309758
2024-08-28,34.4,34.55,32.59,33.29,700530
2024-08-29,33.73,34.71,32.9,33.17,604880
2024-08-30,34.05,34.43,33.1,34.37,772792
2024-09-03,33.65,33.65,30.67,31.11,1132340
2024-09-04,30.58,31.68,30.33,30.91,513272
2024-09-05,30.69,31.85,30.38,31.0,708842
2024-09-06,30.84,30.98,28.37,28.49,1211970
2024-09-09,29.29,29.74,28.69,29.58,676732
2024-09-10,29.91,30.45,29.11,30.35,533776
2024-09-11,30.59,32.46,28.89,32.28,886756
2024-09-12,32.32,33.43,31.95,33.27,573810
2024-09-13,33.09,33.92,33.09,33.67,548472
2024-09-16,33.21,33.34,32.53,33.19,409762
2024-09-17,33.86,34.12,32.75,33.27,832408
2024-09-18,33.49,34.37,32.7,32.82,894556
2024-09-19,35.15,35.89,34.73,35.33,598494
2024-09-20,35.08,35.32,34.17,35.03,863160
2024-09-23,35.3,35.58,35.05,35.33,248048
2024-09-24,35.64,36.04,34.72,35.83,414682
2024-09-25,35.61,36.24,35.55,35.85,319730
2024-09-26,37.48,37.5,35.81,36.66,588426
2024-09-27,36.82,36.83,35.75,35.97,436906
2024-09-30,35.73,36.31,35.12,36.16,556338
2024-10-01,36.15,36.21,33.85,34.69,1209146
2024-10-02,34.47,35.26,33.95,34.83,377998
2024-10-03,34.39,35.4,34.21,34.75,405394
2024-10-04,36.02,36.08,34.89,36.01,443702
2024-10-07,35.53,35.76,34.57,34.77,379498
2024-10-08,35.34,36.48,35.16,36.33,320508
2024-10-09,36.27,37.32,36.04,37.22,545504
2024-10-10,36.66,37.46,36.37,37.05,428366
2024-10-11,36.58,37.4,36.45,37.16,332434
2024-10-14,37.72,38.38,37.6,38.1,430412
2024-10-15,38.17,38.31,36.08,36.59,737932
2024-10-16,36.63,36.74,35.88,36.59,398282
2024-10-17,37.78,37.8,36.64,36.66,547194
2024-10-18,37.19,37.57,37.08,37.34,479720
2024-10-21,37.05,37.71,36.6,37.54,617412
2024-10-22,36.91,37.98,36.79,37.65,422684
2024-10-23,37.09,37.22,35.16,35.87,953634
2024-10-24,36.71,36.9,36.15,36.75,603656
2024-10-25,37.35,38.49,37.2,37.39,682484
2024-10-28,37.92,38.03,37.34,37.39,357064
2024-10-29,37.46,38.72,37.05,38.45,504738
2024-10-30,38.28,38.47,37.49,37.61,519668
2024-10-31,36.65,36.65,34.72,34.76,1097754
2024-11-01,35.05,36.17,35.0,35.51,533842
2024-11-04,35.32,35.88,34.78,35.14,625156
2024-11-05,35.49,36.61,35.47,36.49,550058
2024-11-06,38.37,39.6,38.12,39.44,776306
2024-11-07,40.09,41.46,40.09,41.3,644840
2024-11-08,41.16,41.55,40.97,41.34,358036
2024-11-11,41.69,41.71,40.6,41.19,444594
2024-11-12,41.22,41.46,40.33,41.06,452870
2024-11-13,40.95,41.53,40.36,40.9,491238
2024-11-14,40.82,40.99,39.83,40.05,373704
2024-11-15,38.63,38.67,36.65,37.1,1133230
2024-11-18,37.45,38.35,37.17,37.91,465840
2024-11-19,37.28,38.77,37.21,38.65,600816
2024-11-20,38.56,38.64,37.06,38.57,745770
2024-11-21,39.27,39.42,37.29,39.0,592510
2024-11-22,38.83,39.27,38.45,39.12,481212
2024-11-25,40.01,40.42,38.78,39.3,490340
2024-11-26,39.65,40.13,39.45,39.92,506268
2024-11-27,39.6,39.61,38.17,38.94,673182
2024-11-29,39.01,40.05,38.94,39.96,220208
2024-12-02,40.24,41.47,40.16,41.24,607368
2024-12-03,40.91,41.67,40.78,41.62,844578
2024-12-04,42.44,43.17,42.29,43.13,489512
2024-12-05,43.14,43.32,42.69,42.76,384636
2024-12-06,42.89,43.93,42.89,43.86,424982
2024-12-09,43.63,43.83,42.56,42.85,413178
2024-12-10,43.1,43.56,42.05,42.35,461336
2024-12-11,43.44,44.81,43.35,44.66,736522
2024-12-12,44.07,44.38,43.65,43.77,599082
2024-12-13,44.71,45.38,43.93,44.71,584780
2024-12-16,45.37,46.89,45.34,46.65,783880
2024-12-17,46.13,46.45,45.59,46.04,448340
2024-12-18,45.83,46.28,40.74,41.02,759864
2024-12-19,42.12,42.27,40.38,40.46,784138
2024-12-20,39.53,42.93,39.26,41.51,945754
2024-12-24,42.99,44.23,42.84,44.23,233260
2024-12-26,43.8,44.53,43.34,44.14,346514
2024-12-27,43.17,43.28,41.16,42.3,632876
2024-12-30,40.58,41.53,39.78,40.62,320974
2024-12-31,40.96,41.08,39.34,39.58,454438
2025-01-02,40.27,40.8,38.3,39.24,535830
2025-01-03,39.99,41.45,39.82,41.3,352804
2025-01-06,42.46,43.41,42.03,42.61,430770
2025-01-07,42.85,42.87,39.88,40.3,372920
2025-01-08,40.28,40.71,39.24,40.32,316188
2025-01-10,39.41,39.41,37.69,38.36,516110
2025-01-13,37.02,38.09,36.67,37.99,472574
2025-01-14,38.74,39.02,37.1,37.89,481678
2025-01-15,39.64,40.71,39.31,40.46,395212
2025-01-16,40.99,41.03,39.6,39.6,374920
2025-01-17,41.84,41.95,40.93,41.58,333448
2025-01-21,42.25,42.57,41.21,42.23,432822
2025-01-22,43.43,44.45,43.36,43.89,452096
2025-01-23,43.25,44.18,43.15,44.18,321642
2025-01-24,44.22,44.39,43.02,43.43,619404
2025-01-27,38.77,40.49,38.59,39.57,843360
2025-01-28,39.81,41.58,39.07,41.37,519034
2025-01-29,41.47,41.47,40.18,41.05,488548
2025-01-30,41.74,42.29,40.45,41.58,582252
2025-01-31,42.43,43.53,41.11,41.41,686572
2025-02-03,39.26,40.98,38.69,40.35,1087994
2025-02-04,40.44,41.96,40.37,41.83,528412
2025-02-05,41.17,42.41,40.92,42.38,689294
2025-02-06,42.49,43.07,42.12,43.01,691168
2025-02-07,43.07,43.59,41.19,41.36,893528
2025-02-10,42.38,43.1,42.26,42.84,628870
2025-02-11,42.05,42.96,42.01,42.5,517102
2025-02-12,41.14,42.8,41.08,42.58,764694
2025-02-13,42.97,44.48,42.8,44.41,795452
2025-02-14,44.39,45.08,44.3,44.92,678000
2025-02-18,45.32,45.36,44.39,45.17,492954
2025-02-19,45.0,45.56,44.47,45.25,747050
2025-02-20,44.99,45.08,43.45,44.63,761286
2025-02-21,44.9,44.9,41.74,41.87,1548738
2025-02-24,42.25,42.5,40.26,40.32,1291390
2025-02-25,40.15,40.19,37.91,38.78,2366552
2025-02-26,39.28,40.22,38.35,39.02,1675214
2025-02-27,39.87,40.08,35.74,35.8,2295362
2025-02-28,35.71,37.58,35.05,37.43,1747206
2025-03-03,38.13,38.52,34.23,35.06,1699466
2025-03-04,34.26,36.38,33.02,34.63,2507822
2025-03-05,34.71,36.32,33.75,36.02,1474350
2025-03-06,34.19,35.24,32.59,33.02,1752676
2025-03-07,32.78,34.0,31.45,33.73,2180646
2025-03-11,29.7,30.92,28.7,29.62,3033672
2025-03-12,30.97,31.31,29.58,30.59,3058082
2025-03-13,30.41,30.41,28.52,28.89,2531452
2025-03-14,29.85,31.12,29.77,30.96,2558704
2025-03-17,30.94,32.14,30.59,31.54,1959122
2025-03-18,30.88,30.88,29.51,29.94,2473760
2025-03-19,30.34,31.95,29.98,31.09,1958494
2025-03-20,30.32,31.82,30.22,30.79,1682538
2025-03-21,29.74,31.21,29.55,31.13,1595484
2025-03-24,32.53,33.24,32.41,33.08,1564376
2025-03-25,33.24,33.69,33.05,33.65,1474058
2025-03-26,33.32,33.48,31.39,31.7,2170894
2025-03-27,31.28,32.09,30.88,31.14,2107508
2025-03-28,30.76,30.9,28.49,28.67,2889810
2025-03-31,27.37,28.81,26.53,28.64,2510660
2025-04-01,28.33,29.5,27.81,29.32,2541288
2025-04-02,28.11,30.6,28.05,29.98,3218542
2025-04-03,26.19,26.91,25.06,25.14,4258274
2025-04-04,23.02,23.38,20.52,20.55,5256330
2025-04-07,18.3,23.42,17.5,20.58,8055942
2025-04-08,22.7,23.4,18.58,19.48,4906186
2025-04-09,19.6,26.7,19.36,26.31,5783470
2025-04-10,24.34,24.67,20.79,23.08,5261804
2025-04-11,22.92,24.53,22.32,24.3,3364448
2025-04-14,25.94,26.01,24.04,24.77,1966322
2025-04-15,24.94,25.6,24.6,24.89,1994950
2025-04-16,23.42,24.0,21.58,22.66,3508742
2025-04-17,23.07,23.13,22.18,22.58,1805106
2025-04-21,21.7,21.8,20.12,20.97,2254372
2025-04-22,21.74,22.99,21.56,22.53,2464080
2025-04-23,24.63,25.4,23.82,24.08,2064938
2025-04-24,24.36,26.14,24.3,26.08,2458910
2025-04-25,26.05,27.03,25.74,26.94,2073682
2025-04-28,27.02,27.32,25.83,26.92,1875596
2025-04-29,26.52,27.59,26.42,27.42,1713154
2025-04-30,25.93,27.7,25.17,27.46,2489646
2025-05-01,28.8,29.44,28.33,28.4,2208026
2025-05-02,29.34,30.09,29.02,29.72,2034804
2025-05-05,28.92,29.75,28.86,29.19,1376392
2025-05-06,28.01,29.01,27.79,28.36,1647688
2025-05-07,28.49,29.13,27.55,28.71,2017990
2025-05-08,29.61,30.35,28.84,29.54,1970624
2025-05-09,29.93,30.13,29.17,29.48,1650374
2025-05-12,32.85,33.08,31.95,33.06,2185008
2025-05-13,33.34,34.92,33.19,34.57,2379138
2025-05-14,34.81,35.3,34.61,35.16,1825420
2025-05-15,34.74,35.84,34.47,35.29,1937868
2025-05-16,35.56,35.76,34.84,35.74,1379216
2025-05-19,34.24,35.92,34.24,35.85,936936
2025-05-20,35.3,35.58,34.71,35.44,1091542
2025-05-21,34.63,35.99,33.61,33.96,1950074
2025-05-22,34.05,34.88,33.81,34.1,1614060
2025-05-23,32.57,33.66,32.44,33.15,1795230
2025-05-27,34.44,35.56,34.2,35.47,1144382
2025-05-28,35.67,35.97,34.89,35.01,905182
2025-05-29,36.5,36.52,34.69,35.2,1585936
2025-05-30,35.07,35.3,33.55,34.98,1298462
2025-06-02,34.6,35.86,34.36,35.83,1347510
2025-06-03,35.89,36.93,35.71,36.65,1304150
2025-06-04,36.79,37.16,36.36,36.96,1274124
2025-06-05,37.23,37.82,35.66,36.1,1738732
2025-06-06,37.14,37.51,36.78,37.1,1031024
2025-06-09,37.17,37.61,36.93,37.26,1238526
2025-06-10,37.37,38.14,36.89,38.02,1117832
2025-06-11,38.3,38.53,37.11,37.61,2118884
2025-06-12,37.29,38.05,37.27,37.85,1112080
2025-06-13,36.54,37.43,36.14,36.39,2352414
2025-06-16,37.13,38.12,37.12,37.9,1131502
2025-06-17,37.33,37.69,36.6,36.76,1047786
2025-06-18,36.96,37.48,36.43,36.74,1224398
2025-06-20,37.39,37.66,35.86,36.27,1795682
2025-06-23,36.32,37.46,35.72,37.36,1336400
2025-06-24,38.46,39.25,38.33,39.1,892052
2025-06-25,39.47,39.71,38.9,39.22,744924
2025-06-26,39.73,40.42,39.32,40.3,997076
2025-06-27,40.48,41.12,39.93,40.7,1102502
2025-06-30,41.38,41.74,40.92,41.51,868262
2025-07-01,41.05,41.26,39.91,40.43,1167360
2025-07-02,40.23,41.29,40.23,41.26,791960
2025-07-03,41.75,42.64,41.75,42.34,475852
2025-07-07,41.8,41.98,40.91,41.45,837466
2025-07-08,41.75,41.89,41.25,41.52,732246
2025-07-09,42.0,42.69,41.71,42.38,1209638
2025-07-10,42.52,42.61,41.58,42.17,951274
2025-07-11,41.67,42.21,41.38,41.87,1075796
2025-07-14,41.81,42.47,41.28,42.3,876212
2025-07-15,43.21,43.33,42.4,42.42,790786
2025-07-16,42.51,42.67,41.24,42.54,948216
2025-07-17,42.66,43.66,42.5,43.51,748446
2025-07-18,43.83,43.87,43.1,43.37,1034690
2025-07-21,43.58,44.48,43.57,44.0,671212
2025-07-22,44.08,44.08,42.74,43.34,791834
2025-07-23,43.59,43.92,42.95,43.9,1001762
2025-07-24,44.21,44.48,43.81,44.21,710592
2025-07-25,44.15,44.79,44.0,44.5,675512
2025-07-28,44.8,45.09,44.59,44.91,1012870
2025-07-29,45.5,45.81,44.5,44.68,1026470
2025-07-30,44.87,45.43,44.14,44.85,1070934
2025-07-31,46.35,46.37,43.83,44.21,1010160
2025-08-01,42.55,42.65,40.95,41.47,1362876
2025-08-04,42.61,43.78,42.58,43.75,714936
2025-08-05,43.99,44.3,42.73,42.82,1217562
2025-08-06,43.02,44.53,42.92,44.42,919476
2025-08-07,45.44,45.83,43.93,44.87,1245600
2025-08-08,45.14,46.13,45.07,46.1,705746
2025-08-11,46.13,46.62,45.37,45.67,572596
2025-08-12,46.19,47.44,45.59,47.36,671262
2025-08-13,48.03,48.16,47.1,47.45,785954
2025-08-14,46.93,47.79,46.82,47.36,973322
2025-08-15,47.15,47.15,46.25,46.6,662356
2025-08-18,46.4,46.7,46.13,46.56,790204
2025-08-19,46.38,46.43,44.42,44.67,944972
2025-08-20,44.41,44.42,42.2,43.83,1673360
2025-08-21,43.47,43.97,42.71,43.25,951108
2025-08-22,43.49,45.65,43.2,45.25,1070052
2025-08-25,44.83,45.47,44.53,44.8,815846
2025-08-26,44.65,45.38,44.43,45.32,1200664
2025-08-27,45.09,45.72,44.77,45.54,957328
2025-08-28,45.64,46.56,45.27,46.34,893360
2025-08-29,45.71,45.77,44.25,44.64,1376840
2025-09-02,42.53,43.61,42.13,43.55,1639044
2025-09-03,44.37,44.94,43.8,44.53,1049488
2025-09-04,44.71,45.83,44.34,45.76,857782
2025-09-05,46.98,47.12,44.86,45.9,1254604
2025-09-08,46.46,47.05,46.32,46.55,912674
2025-09-09,46.75,47.05,46.13,46.95,1420964
2025-09-10,47.73,47.73,46.48,47.01,943176
2025-09-11,47.6,47.99,47.21,47.77,755442
2025-09-12,47.98,48.68,47.77,48.41,1175574
2025-09-15,48.79,49.62,48.78,49.61,774596
2025-09-16,49.84,49.9,49.32,49.47,591148
2025-09-17,49.45,49.58,47.78,49.16,1152354
2025-09-18,50.37,51.18,49.9,50.54,874272
2025-09-19,50.96,51.64,50.6,51.49,892910
2025-09-22,51.22,52.53,51.22,52.38,1125994
2025-09-23,52.36,52.43,50.99,51.28,1006494
2025-09-24,51.62,51.66,50.0,50.68,1011668
2025-09-25,49.7,50.44,48.76,50.0,1244340
2025-09-26,50.2,50.68,49.4,50.62,1180472
2025-09-29,51.39,52.11,50.99,51.31,975194
2025-09-30,51.18,51.78,50.61,51.7,1071646
2025-10-01,50.87,52.57,50.66,52.44,1124900
2025-10-02,53.41,53.42,52.34,53.08,991124
2025-10-03,53.23,53.43,51.9,52.35,1036310
2025-10-06,53.71,53.94,53.08,53.5,1049150
2025-10-07,53.85,54.03,52.28,52.65,846060
2025-10-08,52.87,54.52,52.87,54.45,931634
2025-10-09,54.44,54.47,53.39,54.23,951826
2025-10-10,54.33,54.82,48.42,48.5,1979272
2025-10-13,51.05,51.84,50.45,51.61,1076176
2025-10-14,49.84,51.75,48.54,50.68,709946
2025-10-15,52.07,52.75,50.02,51.6,1183992
2025-10-16,52.38,53.16,49.9,51.05,625278
2025-10-17,50.43,52.39,50.07,51.96,651304
2025-10-20,52.79,54.25,52.79,53.95,604778
2025-10-21,53.93,54.24,53.35,53.89,700472
2025-10-22,53.7,53.86,50.88,52.29,938332
2025-10-23,52.13,53.81,52.06,53.58,754372
2025-10-24,54.97,55.63,54.78,55.26,678232
2025-10-27,57.26,58.34,57.14,58.23,696024
2025-10-28,58.82,60.03,58.53,59.55,988830
2025-10-29,60.3,60.67,58.79,60.13,1641360
2025-10-30,59.22,59.65,57.58,57.63,833170
2025-10-31,59.7,59.71,57.69,58.41,1497376
2025-11-03,60.0,60.19,58.55,59.17,834684
2025-11-04,56.6,57.69,55.34,55.54,1094882
2025-11-05,55.33,57.5,54.97,56.64,1591594
2025-11-06,56.11,56.24,53.08,53.41,1344722
2025-11-07,52.46,52.92,49.99,52.87,2688912
2025-11-10,55.21,56.62,54.73,56.33,1573910
2025-11-11,55.64,56.2,54.81,55.9,1154018
2025-11-12,56.69,56.69,54.87,55.74,1100762
2025-11-13,54.79,54.94,51.7,52.34,2373806
2025-11-14,49.99,53.52,49.39,52.36,1981806
2025-11-17,51.69,53.3,50.06,51.02,1691252
2025-11-18,49.92,50.62,47.9,49.17,2418118
2025-11-19,49.32,51.55,48.72,49.99,1572422
2025-11-20,52.965,53.52,46.3,46.505,1483885
2025-11-21,46.74,49.09,45.26,47.455,1224455
2025-11-24,48.7,51.445,48.67,51.13,1159367
2025-11-25,50.625,52.36,49.09,52.035,1330847
2025-11-26,52.92,53.85,52.39,53.38,1189390
2025-11-28,53.83,54.65,53.625,54.55,498244
2025-12-01,53.12,54.64,52.82,54.04,749018
2025-12-02,54.595,55.76,54.15,55.3,1060346
2025-12-03,54.685,55.88,54.24,55.68,894237
2025-12-04,56.045,56.045,54.62,55.5,791777
2025-12-05,55.87,57.065,55.69,56.2,880005
2025-12-08,56.535,57.035,55.12,55.795,1106182
2025-12-09,55.445,56.21,55.095,56.0,831322
2025-12-10,55.65,57.09,54.89,56.67,1219909
2025-12-11,55.62,56.14,53.98,56.105,1149751
2025-12-12,55.08,55.51,52.23,52.82,2269948
2025-12-15,54.055,54.055,51.73,52.045,1908336
2025-12-16,51.41,52.75,51.1,52.36,2516252
2025-12-17,52.645,52.78,49.37,49.39,2474204
2025-12-18,51.675,52.46,50.99,51.58,1781562
2025-12-19,52.2,53.62,52.2,53.505,1294428
2025-12-22,54.825,54.89,53.89,54.23,1323474
2025-12-23,53.96,55.065,53.86,55.005,1153089
2025-12-24,54.855,55.44,54.78,55.12,632891
2025-12-26,55.52,55.745,55.135,55.29,725242
2025-12-29,54.285,54.99,53.92,54.515,875375
2025-12-30,54.2,54.8,54.05,54.09,849278
2025-12-31,54.08,54.2,52.64,52.72,1412303
2026-01-02,54.155,54.855,51.62,52.355,1994833
2026-01-05,53.955,54.33,53.29,53.56,1234650
2026-01-06,53.92,55.16,53.75,55.02,1437803
2026-01-07,54.91,56.18,54.78,55.16,1335761
2026-01-08,54.845,54.95,53.5,54.18,1316803
2026-01-09,54.355,56.085,53.79,55.78,1315056
2026-01-12,54.605,56.32,54.605,55.9,1794736
2026-01-13,55.895,56.5,54.96,55.595,2413558
2026-01-14,54.515,54.855,52.5,53.84,2984167
2026-01-15,55.64,55.82,54.14,54.375,2496670
2026-01-16,55.32,55.45,53.59,54.14,2060881
2026-01-20,51.4,52.56,50.48,50.69,2131326
2026-01-21,51.08,53.79,50.68,52.715,3015830
2026-01-22,54.315,54.32,53.155,53.9,1355855
2026-01-23,53.56,55.06,53.32,54.415,1763633
2026-01-26,54.44,55.62,54.21,55.085,1202486
2026-01-27,55.995,56.795,55.57,56.55,1368846
2026-01-28,57.69,58.01,56.74,56.975,1283217
2026-01-29,56.945,57.2,53.06,56.035,1975282
2026-01-30,54.99,55.7,53.33,53.955,1426188
2026-02-02,53.16,55.71,53.16,55.12,1419492
2026-02-03,55.64,55.75,51.09,52.51,2378753
2026-02-04,52.12,52.15,48.44,49.765,2794778
2026-02-05,48.36,49.52,47.07,47.62,2490960
2026-02-06,48.32,51.005,48.0,50.575,2389464
2026-02-09,50.055,52.26,49.44,51.76,1473271
2026-02-10,51.975,52.4,50.89,51.02,1199088
2026-02-11,52.21,52.5,50.05,51.355,1520303
2026-02-12,51.79,52.06,47.99,48.26,2561337
2026-02-13,48.115,49.59,47.185,48.47,2231239
