Date,Open,High,Low,Close,Volume
2024-01-29,13.23,13.95,13.03,13.94,22756
2024-01-31,13.35,14.36,13.35,13.4,11182
2024-02-05,12.95,12.95,11.66,12.47,8907
2024-02-26,14.14,15.17,14.14,14.85,13145
2024-02-27,15.49,15.5,14.68,14.805,28612
2024-02-28,14.97,15.655,14.8,15.26,13667
2024-02-29,15.6,15.69,14.87,15.215,11741
2024-03-01,14.89,15.47,14.79,15.3,12052
2024-03-04,14.85,14.85,12.93,13.29,8944
2024-03-05,12.35,12.54,11.68,12.07,18379
2024-03-06,12.1,12.17,11.4,11.5,6875
2024-03-07,11.37,11.895,11.37,11.755,8463
2024-03-08,12.15,12.28,11.31,11.33,16845
2024-03-13,11.06,11.39,10.5,10.53,21829
2024-03-14,10.52,10.7,9.495,9.65,9874
2024-03-18,10.45,11.09,10.12,10.985,22990
2024-03-26,11.62,12.245,11.4,11.4,25704
2024-04-03,9.83,10.235,9.61,10.185,22646
2024-04-04,10.41,11.025,10.22,10.64,36741
2024-04-05,10.2,10.38,9.36,9.8,30104
2024-04-12,10.62,10.725,10.32,10.405,11276
2024-04-17,8.67,8.78,8.36,8.58,13058
2024-04-23,7.215,7.595,7.005,7.35,64322
2024-04-24,9.21,9.64,8.66,9.12,37959
2024-04-29,12.01,13.24,11.7,12.745,16142
2024-05-01,11.34,11.61,10.835,10.985,7674
2024-05-03,11.2,11.37,10.77,11.09,11606
2024-05-06,11.45,11.82,11.23,11.505,4744
2024-05-08,9.81,10.4,9.765,10.22,7747
2024-06-13,11.54,11.85,10.82,10.82,12991
2024-06-14,11.275,11.29,10.24,10.335,14553
2024-06-17,10.39,11.575,10.39,11.575,3677
2024-06-20,11.09,11.09,10.52,10.715,13657
2024-06-25,10.92,11.385,10.775,11.365,5972
2024-06-27,12.26,12.72,12.21,12.565,21729
2024-06-28,12.91,13.28,12.33,12.635,63499
2024-07-01,13.355,14.57,13.355,14.18,9863
2024-07-02,15.46,16.945,15.39,16.795,21300
2024-07-03,17.57,19.36,17.57,19.175,7288
2024-07-05,19.715,19.995,18.65,19.995,13939
2024-07-08,19.16,21.12,18.98,20.22,28916
2024-07-09,20.45,22.24,20.45,21.685,38144
2024-07-10,21.98,22.535,21.0,22.01,13043
2024-07-11,21.91,23.12,18.01,18.21,209013
2024-07-12,17.92,19.68,17.905,19.315,10029
2024-07-15,20.43,21.88,19.9,19.985,22745
2024-07-16,20.79,20.79,18.86,20.53,30083
2024-07-17,19.96,20.55,18.975,19.18,21900
2024-07-18,19.57,20.44,19.17,19.29,19367
2024-07-19,19.105,19.24,17.53,17.8,10386
2024-07-22,18.5,19.77,18.49,19.595,38693
2024-07-23,19.91,20.22,18.71,18.8,26119
2024-07-24,15.49,15.49,13.995,14.195,23331
2024-07-25,14.17,15.37,14.17,14.75,62474
2024-07-26,14.77,14.875,14.045,14.6,13019
2024-07-29,15.45,16.47,15.45,16.18,73482
2024-07-30,16.23,16.23,14.57,14.88,9525
2024-07-31,15.49,16.35,15.49,16.085,30999
2024-08-01,15.55,16.01,13.725,14.05,72359
2024-08-02,13.46,13.9,12.59,12.8,208121
2024-08-05,9.9,12.3,9.68,11.645,119278
2024-08-06,11.78,12.18,11.01,11.89,138068
2024-08-07,11.9,12.25,10.86,10.87,115816
2024-08-08,11.27,11.81,10.91,11.62,97418
2024-08-09,11.43,11.88,11.28,11.8,29626
2024-08-12,11.61,11.61,11.18,11.455,21854
2024-08-13,11.47,12.74,11.47,12.64,30431
2024-08-14,12.72,12.72,11.58,11.9,39539
2024-08-15,12.39,13.51,12.39,13.38,28531
2024-08-16,13.19,14.03,13.11,13.64,37398
2024-08-19,13.91,14.46,13.5,14.45,18524
2024-08-20,14.81,15.05,14.085,14.26,12696
2024-08-21,14.32,14.65,13.96,14.5,23370
2024-08-22,14.67,14.67,12.83,12.85,27060
2024-08-23,13.35,14.16,13.3,14.02,73264
2024-08-26,13.78,13.78,12.85,13.105,52402
2024-08-27,13.23,13.32,12.4,12.63,25115
2024-08-28,12.76,12.86,11.83,12.16,33379
2024-08-29,12.76,13.16,12.23,12.24,35603
2024-08-30,12.61,13.18,12.375,13.16,25041
2024-09-04,12.83,14.06,12.83,13.745,26489
2024-09-05,14.26,15.7,14.26,15.08,41445
2024-09-06,15.45,15.53,12.59,12.59,35576
2024-09-09,13.16,13.59,12.9,13.21,43663
2024-09-10,13.88,14.35,13.55,14.35,37200
2024-09-11,14.06,14.625,13.21,14.625,65873
2024-09-12,14.16,15.01,14.16,14.82,24852
2024-09-13,14.54,15.18,14.45,14.88,17437
2024-09-16,14.77,14.79,14.03,14.41,15165
2024-09-17,14.98,15.38,14.44,14.53,14477
2024-09-18,14.96,15.49,14.43,14.49,28770
2024-09-19,15.27,16.58,15.11,16.49,31222
2024-09-20,16.16,16.43,15.53,15.83,17084
2024-09-23,16.36,17.34,16.28,17.34,42562
2024-09-24,17.92,18.27,17.25,17.9,50564
2024-09-25,17.73,18.29,17.73,18.29,8026
2024-09-26,18.78,18.91,17.58,17.91,24977
2024-09-27,18.3,18.79,17.92,18.76,44063
2024-09-30,18.54,19.36,18.17,18.88,39495
2024-10-01,19.22,19.22,17.09,18.34,36547
2024-10-02,16.98,17.33,16.06,17.125,19939
2024-10-03,16.65,17.18,15.65,15.985,25498
2024-10-04,16.83,17.23,16.48,17.18,92013
2024-10-07,17.08,17.08,15.895,15.91,21596
2024-10-08,16.27,16.54,16.06,16.365,16695
2024-10-09,16.13,16.75,15.74,15.92,33228
2024-10-10,15.98,16.08,14.76,15.63,44735
2024-10-11,13.01,13.54,12.44,12.82,86356
2024-10-14,13.12,13.3,12.375,12.985,132072
2024-10-15,13.04,13.58,12.76,13.03,137054
2024-10-16,13.26,13.38,12.97,13.23,18728
2024-10-17,13.255,13.28,12.83,13.18,27577
2024-10-18,13.14,13.34,12.99,13.155,23513
2024-10-21,12.96,13.07,12.575,12.9,29290
2024-10-22,12.61,12.83,12.49,12.81,31176
2024-10-23,12.73,12.86,12.14,12.29,41796
2024-10-24,15.9,17.86,15.65,17.67,152536
2024-10-25,16.99,18.87,16.99,18.82,194397
2024-10-28,19.01,19.395,17.88,17.88,25775
2024-10-29,18.16,18.16,16.98,17.47,75002
2024-10-30,17.235,17.95,17.06,17.21,45924
2024-10-31,17.34,17.43,16.1,16.14,63971
2024-11-01,16.48,16.62,15.76,16.06,55182
2024-11-04,15.49,15.99,14.77,15.25,38783
2024-11-05,15.7,16.81,15.7,16.33,184743
2024-11-06,20.67,21.24,19.51,21.1,66023
2024-11-07,21.22,22.73,20.75,22.36,58389
2024-11-08,22.66,27.13,22.47,25.97,163772
2024-11-11,30.03,32.01,28.35,30.64,167334
2024-11-12,29.25,29.8,26.05,26.86,74537
2024-11-13,28.05,29.43,26.01,27.16,88238
2024-11-14,26.71,27.02,23.88,23.97,75275
2024-11-15,23.9,26.02,23.7,25.46,116528
2024-11-18,28.56,29.77,26.91,28.28,62327
2024-11-19,27.88,29.65,27.56,29.47,43808
2024-11-20,29.42,29.42,27.5,28.8,31390
2024-11-21,29.18,29.77,27.7,28.42,45349
2024-11-22,28.76,31.09,28.1,30.53,56024
2024-11-25,31.73,31.94,28.04,28.11,85284
2024-11-26,28.4,29.44,27.61,28.03,30209
2024-11-27,28.37,28.37,26.14,27.11,27872
2024-11-29,27.62,29.08,27.6,29.08,14083
2024-12-02,30.255,31.43,30.2,31.0,19047
2024-12-03,30.06,30.6,29.51,30.06,14471
2024-12-04,30.24,31.135,29.57,31.135,13633
2024-12-05,31.76,34.14,31.76,33.12,18658
2024-12-06,34.14,36.67,33.55,36.6,22052
2024-12-09,38.28,39.51,34.6,36.69,35913
2024-12-10,37.31,40.44,37.05,38.85,70849
2024-12-11,40.27,43.43,39.12,43.43,60766
2024-12-12,43.25,44.3,41.42,42.01,59925
2024-12-13,42.45,45.63,41.61,45.63,62309
2024-12-16,46.23,51.19,45.79,51.19,41515
2024-12-17,53.98,55.66,50.08,54.88,79775
2024-12-18,51.83,56.74,42.87,46.28,162762
2024-12-19,48.04,49.14,41.59,44.87,196004
2024-12-20,42.99,47.07,41.14,41.89,81927
2024-12-24,44.685,50.0,44.59,49.93,33505
2024-12-26,50.435,50.435,47.56,48.29,48185
2024-12-27,47.12,47.21,42.43,43.41,52646
2024-12-30,40.79,42.28,40.22,40.505,115914
2024-12-31,41.71,42.17,37.67,37.98,61205
2025-01-02,35.33,35.475,32.17,33.13,91356
2025-01-03,33.62,38.92,33.38,38.59,75392
2025-01-06,41.0,41.64,37.0,38.71,50203
2025-01-07,37.8,39.12,34.77,35.47,44392
2025-01-08,35.18,36.91,34.35,35.72,55147
2025-01-10,34.68,36.11,33.69,35.51,55359
2025-01-13,33.61,36.97,33.42,36.96,17246
2025-01-14,39.11,40.49,35.56,35.78,36378
2025-01-15,38.1,41.76,37.61,41.46,35166
2025-01-16,40.35,40.35,37.85,38.69,23979
2025-01-17,40.05,43.48,40.0,41.14,74544
2025-01-21,41.75,41.75,37.17,40.41,19776
2025-01-22,39.29,41.05,38.7,38.73,19675
2025-01-23,38.89,39.51,37.67,38.16,20586
2025-01-24,38.75,39.19,37.0,37.15,31395
2025-01-27,34.82,37.01,34.0,35.32,36950
2025-01-28,35.14,35.86,33.6,35.54,15160
2025-01-29,35.02,35.23,33.2,33.74,33535
2025-01-30,37.91,37.95,33.13,35.84,51342
2025-01-31,36.21,39.34,36.14,36.57,67311
2025-02-03,33.24,33.71,31.17,32.86,123353
2025-02-04,32.64,34.48,32.42,34.1,26020
2025-02-05,33.28,33.36,31.345,31.78,21588
2025-02-06,30.9,31.04,29.305,31.04,21380
2025-02-07,31.08,32.0,28.78,28.92,39745
2025-02-10,28.06,29.085,27.19,27.2,56680
2025-02-11,26.26,26.88,23.24,23.68,48734
2025-02-12,24.27,26.27,23.87,24.86,52606
2025-02-13,26.01,28.02,25.94,27.74,29102
2025-02-14,28.43,28.61,26.42,27.66,28468
2025-02-18,27.49,28.12,26.9,27.32,14025
2025-02-19,27.49,29.35,27.49,28.39,27229
2025-02-20,28.51,28.51,26.46,27.41,23482
2025-02-21,27.05,27.3,24.44,24.79,24875
2025-02-24,24.92,25.37,22.89,23.71,27921
2025-02-25,23.2,23.2,19.01,19.68,86472
2025-02-26,19.76,20.48,17.86,18.16,42346
2025-02-27,18.16,18.87,16.945,17.01,72154
2025-02-28,16.22,18.38,16.06,18.38,92045
2025-03-03,19.21,19.63,16.39,17.3,145691
2025-03-04,15.59,17.21,14.55,15.73,146346
2025-03-05,15.85,16.575,15.29,16.55,105601
2025-03-06,15.69,15.76,14.29,14.65,97608
2025-03-07,14.44,14.95,13.28,14.59,79901
2025-03-11,10.39,11.38,9.79,10.81,157283
2025-03-12,12.375,12.82,11.86,12.46,92439
2025-03-13,12.49,12.5,11.03,11.73,59705
2025-03-14,12.29,12.76,11.75,12.6,53696
2025-03-17,11.99,12.06,10.88,11.39,83800
2025-03-18,10.53,10.6,9.91,10.185,106182
2025-03-19,10.67,11.61,10.56,11.13,64160
2025-03-20,10.88,11.23,10.59,11.13,24778
2025-03-21,11.05,12.375,11.05,12.31,48080
2025-03-24,13.13,15.26,13.11,15.25,148402
2025-03-25,15.7,16.29,14.5,16.27,116101
2025-03-26,15.65,15.82,13.89,14.48,140034
2025-03-27,14.58,16.54,14.52,14.54,158879
2025-03-28,14.78,14.78,13.225,13.51,68068
2025-03-31,12.04,13.21,11.48,13.04,113776
2025-04-01,13.54,14.89,13.215,14.02,116808
2025-04-02,12.565,15.71,12.26,15.49,286077
2025-04-03,13.5,14.78,13.18,13.81,251413
2025-04-04,12.57,13.01,10.57,10.85,634209
2025-04-07,9.42,12.01,8.63,10.43,1152786
2025-04-08,11.37,11.82,8.97,9.26,138258
2025-04-09,9.49,13.67,9.49,13.54,312011
2025-04-10,12.32,12.52,10.3,11.54,639713
2025-04-11,11.47,12.03,10.53,11.5,68397
2025-04-14,12.08,12.31,10.96,11.51,95939
2025-04-15,11.29,12.07,11.11,11.67,53806
2025-04-16,11.09,11.44,9.84,10.35,46947
2025-04-17,10.665,10.73,10.19,10.48,60073
2025-04-21,9.45,9.65,8.87,9.27,55575
2025-04-22,9.58,10.47,9.55,10.12,120457
2025-04-23,11.44,11.92,10.67,11.2,177377
2025-04-24,11.1,11.96,11.1,11.96,90987
2025-04-25,12.29,14.46,12.16,14.29,89257
2025-04-28,14.62,15.265,13.09,14.39,141587
2025-04-29,14.345,15.11,13.74,14.96,120895
2025-04-30,13.7,14.19,12.86,14.0,97893
2025-05-01,13.81,14.81,13.76,13.76,83512
2025-05-02,14.23,15.12,13.75,14.45,183507
2025-05-05,14.13,14.14,13.14,13.74,76731
2025-05-06,13.025,13.46,12.88,13.24,127941
2025-05-07,13.385,13.45,12.86,13.34,91365
2025-05-08,13.82,14.6,13.67,14.15,83391
2025-05-09,14.785,16.29,14.785,15.45,120768
2025-05-12,17.55,17.77,16.85,17.55,177242
2025-05-13,17.52,19.61,17.38,19.26,205906
2025-05-14,20.23,21.045,19.61,20.82,114227
2025-05-15,19.94,20.58,19.28,20.23,65979
2025-05-16,20.62,21.23,20.29,21.04,57240
2025-05-19,19.54,20.17,19.08,20.08,62860
2025-05-20,20.82,21.57,20.06,20.26,83554
2025-05-21,20.37,20.69,18.93,19.19,103728
2025-05-22,18.93,20.62,18.91,19.9,100788
2025-05-23,19.36,20.13,19.09,19.67,59934
2025-05-27,20.74,22.44,20.74,22.41,89356
2025-05-28,22.48,22.55,21.57,21.65,40035
2025-05-29,22.56,22.72,21.67,21.85,24557
2025-05-30,21.61,22.38,20.24,20.32,54948
2025-06-02,19.9,20.48,18.85,19.93,21161
2025-06-03,20.39,21.35,19.99,20.09,51088
2025-06-04,20.185,20.21,18.16,18.7,47451
2025-06-05,17.575,17.78,12.13,13.35,248879
2025-06-06,14.635,15.21,13.91,14.285,101945
2025-06-09,13.28,15.675,13.0,15.56,89190
2025-06-10,16.185,17.48,15.81,17.31,152499
2025-06-11,18.11,18.29,16.99,17.36,62623
2025-06-12,17.04,17.94,16.34,16.585,104924
2025-06-13,15.95,17.95,15.95,17.2,121167
2025-06-16,17.84,17.86,17.35,17.61,55829
2025-06-17,17.26,17.37,16.06,16.22,62248
2025-06-18,16.23,17.41,16.135,16.79,46799
2025-06-20,17.31,17.77,16.35,16.81,42987
2025-06-23,17.405,20.4,17.405,19.53,115819
2025-06-24,20.29,20.29,18.61,18.61,39960
2025-06-25,18.805,18.805,16.42,17.19,59161
2025-06-26,16.88,17.49,16.8,17.0,35113
2025-06-27,16.64,17.325,16.2,16.76,65535
2025-06-30,16.27,16.91,16.02,16.13,76626
2025-07-01,14.125,14.87,13.64,14.445,62558
2025-07-02,15.22,15.88,14.695,15.775,46910
2025-07-03,15.995,16.02,15.525,15.76,43509
2025-07-07,13.38,13.755,13.125,13.6,69079
2025-07-08,13.87,14.5,13.66,13.95,77414
2025-07-09,13.83,14.05,13.56,13.79,47578
2025-07-10,14.155,15.07,14.15,15.05,92316
2025-07-11,14.83,15.43,14.67,15.395,49691
2025-07-14,15.72,16.24,15.32,15.74,55963
2025-07-15,16.01,16.1,15.09,15.14,51195
2025-07-16,15.33,16.32,15.33,16.175,114000
2025-07-17,16.25,16.38,15.71,15.89,53679
2025-07-18,16.41,17.02,16.36,16.92,44974
2025-07-21,17.59,17.62,16.66,16.79,67273
2025-07-22,16.905,17.47,16.16,17.18,74251
2025-07-23,17.02,17.52,16.84,17.21,95373
2025-07-24,14.85,14.85,13.88,14.36,81440
2025-07-25,14.65,16.04,14.65,15.35,43988
2025-07-28,15.49,16.74,15.32,16.29,73486
2025-07-29,16.295,16.33,15.59,15.86,52551
2025-07-30,16.01,16.07,14.9,15.61,68675
2025-07-31,15.665,15.82,14.36,14.55,74885
2025-08-01,14.46,14.585,13.54,14.0,70861
2025-08-04,14.555,14.82,14.05,14.59,45187
2025-08-05,14.61,14.81,14.26,14.55,44813
2025-08-06,14.49,15.63,14.49,15.6,69919
2025-08-07,15.54,15.82,15.25,15.82,55486
2025-08-08,15.79,17.02,15.79,16.53,92316
2025-08-11,17.035,18.21,16.99,17.465,74504
2025-08-12,18.0,18.02,16.86,17.63,103497
2025-08-13,17.65,18.41,17.35,17.46,86567
2025-08-14,17.12,17.5,16.59,17.08,75856
2025-08-15,17.255,17.42,16.21,16.54,78891
2025-08-18,16.76,17.02,16.57,16.99,57339
2025-08-19,17.18,17.52,16.27,16.4,87550
2025-08-20,16.405,16.58,14.98,15.86,65645
2025-08-21,15.71,15.92,15.36,15.51,46882
2025-08-22,15.66,17.385,15.41,17.385,64771
2025-08-25,17.47,18.33,16.97,18.07,50904
2025-08-26,18.01,18.57,17.75,18.57,60660
2025-08-27,18.69,18.93,18.32,18.33,156448
2025-08-28,18.475,18.66,17.39,17.95,59680
2025-08-29,18.16,18.16,16.46,16.64,77894
2025-09-02,16.095,16.57,15.88,16.19,66055
2025-09-03,16.74,17.57,16.14,16.69,84048
2025-09-04,16.73,17.13,16.42,17.11,57716
2025-09-05,18.03,18.81,17.73,18.32,94412
2025-09-08,18.94,19.09,17.71,17.85,106237
2025-09-09,18.12,18.24,17.6,17.915,77841
2025-09-10,18.16,18.85,17.83,18.0,115244
2025-09-11,18.1,20.18,18.0,20.18,107847
2025-09-12,20.34,23.15,20.31,23.08,197863
2025-09-15,26.25,26.53,23.95,24.72,147980
2025-09-16,25.235,26.29,24.93,26.105,154057
2025-09-17,25.365,26.91,24.65,26.575,153508
2025-09-18,26.97,27.34,25.465,25.48,65896
2025-09-19,26.27,26.95,26.165,26.6,40026
2025-09-22,27.22,28.925,27.0,27.58,70882
2025-09-23,28.34,28.39,26.4,26.52,42168
2025-09-24,27.22,28.785,26.97,28.645,69170
2025-09-25,27.41,27.42,25.67,26.11,46612
2025-09-26,26.695,28.16,25.845,28.14,37255
2025-09-29,28.65,29.44,28.08,28.51,24781
2025-09-30,28.25,28.735,27.32,28.72,11400
2025-10-01,28.59,30.965,28.59,30.6,22633
2025-10-02,31.965,31.965,27.46,27.475,155782
2025-10-03,28.395,28.77,25.03,26.675,115899
2025-10-06,28.085,29.605,27.53,29.58,93987
2025-10-07,28.875,29.475,26.94,26.94,68155
2025-10-08,27.31,27.9,25.97,27.61,47836
2025-10-09,26.715,27.28,26.19,27.18,46919
2025-10-10,27.295,28.05,24.175,24.41,234996
2025-10-13,25.47,27.14,25.2,27.065,45729
2025-10-14,25.89,26.825,24.9,26.23,94575
2025-10-15,26.915,27.565,25.88,26.94,58319
2025-10-16,26.81,27.41,25.24,26.11,61027
2025-10-17,25.7,27.61,25.51,27.4,59167
2025-10-20,27.96,28.6,27.56,28.38,32363
2025-10-21,28.225,28.61,27.73,27.765,26168
2025-10-22,27.85,28.02,26.115,27.28,87837
2025-10-23,24.94,28.58,24.22,28.475,80020
2025-10-24,28.23,28.82,26.2,26.59,63102
2025-10-27,27.29,29.78,27.19,28.83,75822
2025-10-28,28.93,30.7,28.76,29.86,59786
2025-10-29,30.165,30.48,28.88,29.96,83063
2025-10-30,28.62,29.12,27.16,27.19,130980
2025-10-31,28.01,29.34,27.695,29.22,108925
2025-11-03,29.1,31.34,28.88,30.7,86548
2025-11-04,28.87,29.57,27.495,27.5,66679
2025-11-05,28.495,30.22,27.15,29.72,44735
2025-11-06,29.625,30.34,26.49,27.73,90625
2025-11-07,26.475,26.57,24.745,25.635,110623
2025-11-10,26.73,27.92,26.05,27.41,28430
2025-11-11,26.7,27.065,25.84,26.71,65282
2025-11-12,26.87,26.88,25.19,25.62,79173
2025-11-13,24.62,24.795,21.56,22.215,69774
2025-11-14,20.44,23.27,20.135,22.45,93451
2025-11-17,22.005,24.545,21.98,22.915,124183
2025-11-18,22.52,22.91,21.25,22.09,181082
2025-11-19,22.63,23.19,21.76,22.35,94123
2025-11-20,23.53,25.0,21.33,21.33,190993
2025-11-21,22.095,22.14,20.125,20.87,191246
2025-11-24,22.05,24.11,22.0,23.73,258969
2025-11-25,23.24,24.02,22.415,23.92,118688
2025-11-26,24.42,24.735,23.635,24.71,98179
2025-11-28,24.78,25.405,24.705,25.105,60502
2025-12-01,24.595,25.455,24.58,25.07,62327
2025-12-02,25.225,25.75,24.15,24.95,162112
2025-12-03,25.28,27.125,25.23,27.04,54362
2025-12-04,27.34,27.905,26.94,27.905,32005
2025-12-05,27.72,28.385,27.63,27.92,69332
2025-12-08,27.14,27.25,25.53,26.01,121243
2025-12-09,25.845,27.51,25.64,26.69,70769
2025-12-10,26.78,28.01,26.49,27.4,100804
2025-12-11,27.08,27.08,26.11,26.835,133793
2025-12-12,27.34,28.725,26.21,28.27,135513
2025-12-15,29.48,31.0,29.44,30.24,122593
2025-12-16,29.81,32.28,29.08,32.085,156265
2025-12-17,31.86,32.77,29.0,29.085,191087
2025-12-18,30.44,31.99,29.86,31.14,121148
2025-12-19,31.63,31.97,30.0,30.74,88587
2025-12-22,31.69,32.99,31.345,31.75,91084
2025-12-23,32.04,32.07,31.0,31.33,59178
2025-12-24,31.615,31.9,30.16,31.08,48828
2025-12-26,31.15,31.655,29.74,29.895,90309
2025-12-29,29.11,29.12,27.9,27.94,54543
2025-12-30,28.195,28.31,27.26,27.27,67897
2025-12-31,27.38,27.475,26.655,26.67,101089
2026-01-02,27.6,27.66,25.0,25.285,129781
2026-01-05,26.39,27.46,26.25,26.81,38290
2026-01-06,26.34,26.43,24.135,24.625,90256
2026-01-07,24.855,25.17,24.445,24.445,14955
2026-01-08,24.01,25.04,23.67,24.91,23833
2026-01-09,24.73,26.37,24.4,25.95,89895
2026-01-12,25.36,27.0,25.12,26.385,43542
2026-01-13,26.37,26.7,25.88,26.12,62104
2026-01-14,25.655,25.73,24.735,25.22,35495
2026-01-15,25.7,25.915,25.07,25.14,34074
2026-01-16,25.275,26.085,24.74,24.985,33709
2026-01-20,24.01,24.115,22.72,22.915,79817
2026-01-21,23.11,24.93,22.96,24.205,90684
2026-01-22,24.48,26.205,24.35,26.2,74125
2026-01-23,25.96,26.53,25.64,26.13,38997
2026-01-26,25.61,25.61,24.42,24.53,20500
2026-01-27,24.68,24.68,24.005,24.02,26287
2026-01-28,24.27,24.83,24.15,24.165,35085
2026-01-29,24.86,24.99,22.225,22.39,83930
2026-01-30,23.205,24.88,23.07,23.88,110155
2026-02-02,22.7,23.48,22.12,22.91,50199
2026-02-03,23.1,23.6,22.025,22.92,87522
2026-02-04,22.73,23.105,20.465,21.17,115196
2026-02-05,20.23,20.705,19.32,20.26,45672
2026-02-06,20.59,21.98,20.3,21.68,69286
2026-02-09,21.535,22.665,21.275,22.28,55710
2026-02-10,22.375,23.3,22.27,23.15,39363
2026-02-11,23.48,24.28,22.54,23.45,75740
2026-02-12,23.665,24.265,21.87,22.18,77553
2026-02-13,21.76,22.89,21.53,22.19,78130
